goldenhorn={
	location=923
	color={
		90 143 67 
	}
	members={
		12 15 22 24 925 923 19 213 87 217 218 371 243 239 241 244 247 249 253 248 929 250 380 216 23 20 13 14 924 21 174 175 215 214 
	}
	end=yes
	ai_will_propagate_through_trade=yes
}
bakirkoy={
	location=38
	color={
		120 0 0 
	}
	outgoing={
		name="yenikapi"
		path={
			29 28 1 2 3 5 
		}
		control={
			1817.000000 484.000000 1840.000000 500.000000 1857.000000 511.000000 1872.000000 525.000000 1892.000000 530.000000 
		}
	}
	members={
		29 30 31 33 38 39 40 41 42 43 44 45 46 47 48 50 51 52 53 320 321 96 54 196 199 194 195 197 198 193 188 319 190 204 191 55 189 192 188 
	}
	ai_will_propagate_through_trade=yes
}
yenikapi={
	location=16
	color={
		68 57 93 
	}
	outgoing={
		name="goldenhorn"
		path={
			927 21 20 925 
		}
		control={
			1928.000000 539.000000 1935.000000 546.000000 1947.000000 549.000000 
		}
	}
	members={
		17 18 926 1 2 3 4 5 928 6 7 8 9 10 11 36 28 32 34 35 37 927 16 
	}
	ai_will_propagate_through_trade=yes
}
taksim={
	location=56
	color={
		200 200 0 
	}
	outgoing={
		name="goldenhorn"
		path={
			255 929 253 248 923 
		}
		control={
			1966.000000 604.000000 1958.000000 593.000000 1955.000000 582.000000 
		}
	}
	members={
		252 251 56 255 254 245 242 246 256 281 278 280 240 930 60 257 258 265 283 282 284 373 266 267 268 273 279 372 264 269 
	}
	ai_will_propagate_through_trade=yes
}
mecidiyekoy={
	location=275
	color={
		51 74 122 
	}
	outgoing={
		name="taksim"
		path={
			57 284 281 
		}
		control={
			1983.000000 671.000000 1972.000000 647.000000 
		}
	}
	members={
		274 275 276 277 57 378 375 374 58 379 376 370 369 445 59 261 263 272 271 270 259 260 262 444 377 430 431 432 433 434 435 85 442 443 441 436 440 438 437 436 437 439 
	}
	ai_will_propagate_through_trade=yes
}
sariyer={
	location=86
	color={
		255 30 118 
	}
	outgoing={
		name="mecidiyekoy"
		path={
			448 446 443 441 440 439 437 261 375 378 
		}
		control={
			2086.000000 939.000000 2074.000000 921.000000 2076.000000 895.000000 2064.000000 862.000000 2063.000000 832.000000 2062.000000 806.000000 2065.000000 784.000000 2035.000000 765.000000 2010.000000 729.000000 
		}
	}
	members={
		450 451 452 447 455 453 457 461 462 464 463 459 460 465 449 458 446 448 86 456 233 235 236 232 234 227 228 229 230 
	}
	ai_will_propagate_through_trade=yes
}
ambarli={
	location=334
	color={
		200 255 188 
	}
	outgoing={
		name="bakirkoy"
		path={
			98 332 96 321 52 51 50 48 42 40 
		}
		control={
			1469.069946 490.910004 1509.000000 477.000000 1551.000000 489.000000 1589.000000 499.000000 1607.000000 475.000000 1625.000000 449.000000 1663.000000 434.000000 1694.000000 449.000000 1718.000000 465.000000 
		}
	}
	members={
		98 332 336 333 334 335 340 341 342 343 344 345 351 346 353 348 352 99 349 350 347 412 414 415 413 429 423 356 417 418 419 421 100 420 416 426 427 424 425 428 337 338 422 358 357 360 101 354 355 359 
	}
	ai_will_propagate_through_trade=yes
}
kumburgaz={
	location=103
	color={
		62 72 142 
	}
	outgoing={
		name="ambarli"
		path={
			365 363 362 101 354 355 356 349 350 99 340 341 
		}
		control={
			1009.000000 588.000000 1079.000000 559.000000 1126.000000 572.000000 1160.000000 587.000000 1195.000000 588.000000 1233.000000 593.000000 1284.000000 580.000000 1312.000000 562.000000 1329.000000 552.000000 1369.000000 535.000000 1405.000000 471.000000 
		}
	}
	members={
		368 103 367 365 366 362 361 363 364 115 894 895 896 897 898 111 478 479 477 314 480 482 308 917 118 899 900 901 309 904 905 906 907 
	}
	ai_will_propagate_through_trade=yes
}
silivri={
	location=484
	color={
		140 128 61 
	}
	outgoing={
		name="kumburgaz"
		path={
			483 477 111 367 
		}
		control={
			636.000000 725.000000 684.000000 711.000000 770.000000 698.000000 
		}
	}
	members={
		108 483 488 484 485 486 487 494 491 109 490 489 493 481 492 315 922 491 920 110 495 311 317 921 107 
	}
	ai_will_propagate_through_trade=yes
}
karacakoy={
	location=116
	color={
		80 130 115 
	}
	outgoing={
		name="arnavutkoy"
		path={
			117 912 911 903 889 502 506 507 
		}
		control={
			949.000000 1447.000000 989.000000 1381.000000 1023.000000 1351.000000 1096.000000 1271.000000 1220.000000 1150.000000 1317.000000 1051.000000 1377.000000 1012.000000 
		}
	}
	outgoing={
		name="kumburgaz"
		path={
			117 908 905 897 115 
		}
		control={
			904.000000 1440.000000 972.000000 1341.000000 975.000000 1014.000000 951.000000 835.000000 
		}
	}
	members={
		116 913 117 891 304 305 914 893 306 307 909 910 911 912 113 888 890 525 883 882 902 903 908 916 919 918 
	}
	ai_will_propagate_through_trade=yes
}
arnavutkoy={
	location=518
	color={
		100 185 60 
	}
	outgoing={
		name="ambarli"
		path={
			508 505 468 466 425 426 427 416 413 412 335 
		}
		control={
			1461.000000 975.000000 1444.000000 854.000000 1411.000000 780.000000 1414.000000 702.000000 1389.000000 674.000000 1389.000000 647.000000 1393.000000 623.000000 1404.000000 601.000000 1415.000000 579.000000 1405.000000 528.000000 
		}
	}
	outgoing={
		name="halkali"
		path={
			508 505 504 472 476 331 
		}
		control={
			1461.000000 975.000000 1494.000000 884.000000 1547.000000 795.000000 1573.000000 730.000000 1606.000000 692.000000 
		}
	}
	members={
		520 518 519 499 501 503 114 498 496 497 500 318 513 514 515 516 505 507 523 508 521 512 524 885 510 511 884 502 506 887 886 889 509 522 517 339 466 467 468 471 470 504 469 474 
	}
	ai_will_propagate_through_trade=yes
}
halkali={
	location=325
	color={
		255 124 76 
	}
	outgoing={
		name="bakirkoy"
		path={
			326 328 195 194 196 45 44 39 
		}
		control={
			1620.000000 585.000000 1624.790039 547.380005 1651.859985 521.650024 1677.000000 515.000000 1707.000000 512.000000 1745.000000 507.000000 1759.000000 501.000000 
		}
	}
	outgoing={
		name="gaziosmanpasa"
		path={
			201 202 203 209 187 90 
		}
		control={
			1652.000000 641.000000 1669.000000 665.000000 1698.000000 673.000000 1718.000000 675.000000 1768.000000 701.000000 
		}
	}
	members={
		328 326 322 325 327 329 330 323 324 331 476 95 473 475 472 94 212 211 200 205 206 207 201 202 208 209 210 203 93 
	}
	ai_will_propagate_through_trade=yes
}
gaziosmanpasa={
	location=396
	color={
		16 45 35 
	}
	outgoing={
		name="goldenhorn"
		path={
			91 215 213 12 15 24 
		}
		control={
			1837.000000 663.000000 1854.000000 650.000000 1882.000000 609.000000 1900.000000 603.000000 1921.000000 574.000000 
		}
	}
	outgoing={
		name="bakirkoy"
		path={
			180 179 176 177 181 188 54 44 39 
		}
		control={
			1813.000000 669.000000 1823.000000 640.000000 1802.000000 626.000000 1811.000000 608.000000 1798.000000 588.000000 1791.000000 555.000000 1755.000000 534.000000 1759.000000 501.000000 
		}
	}
	outgoing={
		name="yenikapi"
		path={
			180 179 176 177 37 36 9 10 11 5 
		}
		control={
			1813.000000 669.000000 1823.000000 640.000000 1802.000000 626.000000 1811.000000 608.000000 1837.000000 592.000000 1857.000000 581.000000 1875.000000 573.000000 1894.000000 561.000000 1914.000000 546.000000 
		}
	}
	members={
		184 185 186 187 181 182 183 406 407 408 409 92 404 405 400 401 402 403 390 391 392 394 393 395 396 397 91 398 399 90 180 178 179 176 177 387 388 389 215 88 222 221 223 411 226 231 225 219 220 
	}
	ai_will_propagate_through_trade=yes
}
uskudar={
	location=61
	color={
		193 135 255 
	}
	outgoing={
		name="taksim"
		path={
			579 578 583 266 268 258 257 256 281 
		}
		control={
			2052.000000 597.000000 2078.000000 605.000000 2098.000000 625.000000 2065.000000 652.000000 2050.000000 647.000000 2039.000000 639.000000 2021.000000 634.000000 1989.000000 630.000000 
		}
	}
	outgoing={
		name="goldenhorn"
		path={
			66 22 
		}
		control={
			1996.000000 591.000000 
		}
	}
	members={
		579 61 570 571 580 581 582 578 583 584 585 577 592 593 589 586 576 587 588 590 591 562 565 568 569 563 564 566 567 572 573 574 575 628 629 630 787 788 789 624 625 626 627 780 781 782 783 
	}
	ai_will_propagate_through_trade=yes
}
kadikoy={
	location=540
	color={
		132 255 206 
	}
	outgoing={
		name="goldenhorn"
		path={
			140 66 22 
		}
		control={
			2030.069946 514.700012 1989.000000 575.000000 
		}
	}
	outgoing={
		name="uskudar"
		path={
			62 541 568 570 
		}
		control={
			2061.000000 497.000000 2054.000000 512.000000 2036.000000 550.000000 
		}
	}
	members={
		62 540 541 530 536 544 537 542 543 545 539 532 533 534 538 529 531 535 549 550 551 552 553 555 554 557 556 528 526 527 546 547 548 640 646 647 631 632 633 634 648 649 650 641 645 639 642 643 644 
	}
	ai_will_propagate_through_trade=yes
}
dudullu={
	location=603
	color={
		30 160 0 
	}
	outgoing={
		name="uskudar"
		path={
			610 613 617 618 620 621 574 575 577 580 
		}
		control={
			2283.000000 551.000000 2253.000000 556.000000 2225.000000 555.000000 2211.000000 560.000000 2199.000000 571.000000 2184.000000 567.000000 2161.000000 565.000000 2142.000000 581.000000 2105.000000 591.000000 
		}
	}
	outgoing={
		name="kadikoy"
		path={
			612 614 616 555 554 534 537 62 
		}
		control={
			2270.000000 534.000000 2244.000000 525.000000 2221.000000 528.000000 2187.000000 518.000000 2159.000000 505.000000 2138.000000 486.000000 2101.000000 488.000000 
		}
	}
	members={
		603 604 605 606 607 598 599 600 601 602 611 612 614 613 616 617 618 619 620 621 558 559 560 561 608 609 610 615 622 623 706 707 709 708 710 713 73 711 712 720 791 792 793 794 790 795 796 798 696 697 698 690 693 694 695 
	}
	ai_will_propagate_through_trade=yes
}
tuzla={
	location=766
	color={
		160 70 0 
	}
	outgoing={
		name="adalar"
		path={
			145 144 149 
		}
		control={
			2489.000000 116.000000 2380.000000 186.000000 
		}
	}
	members={
		766 765 769 767 778 779 763 764 770 771 768 772 773 774 775 776 777 752 754 755 756 740 742 746 748 749 735 743 741 744 738 739 734 730 731 733 737 732 736 69 659 661 663 662 
	}
	ai_will_propagate_through_trade=yes
}
adalar={
	location=64
	color={
		10 10 240 
	}
	outgoing={
		name="kadikoy"
		path={
			148 147 146 142 141 
		}
		control={
			2230.000000 228.000000 2186.000000 275.000000 2157.000000 377.000000 2063.000000 428.000000 
		}
	}
	members={
		64 597 594 595 596 146 147 148 149 636 637 638 635 651 652 653 654 655 657 656 658 660 664 665 666 668 
	}
	ai_will_propagate_through_trade=yes
}
beykoz={
	location=74
	color={
		0 255 255 
	}
	outgoing={
		name="uskudar"
		path={
			799 800 786 784 783 781 780 591 592 593 583 578 579 
		}
		control={
			2233.000000 837.000000 2215.000000 818.000000 2191.000000 795.000000 2174.000000 778.000000 2149.000000 767.000000 2147.000000 736.000000 2146.000000 717.000000 2130.000000 697.000000 2123.000000 670.000000 2119.000000 644.000000 2098.000000 625.000000 2078.000000 605.000000 
		}
	}
	members={
		785 784 786 797 74 799 800 806 807 808 809 805 810 310 811 812 76 815 816 801 802 803 804 819 820 822 77 825 826 827 
	}
	ai_will_propagate_through_trade=yes
}
sultanbeyli={
	location=72
	color={
		130 120 85 
	}
	outgoing={
		name="kadikoy"
		path={
			685 684 683 689 687 649 648 548 547 532 531 535 536 
		}
		control={
			2521.000000 414.000000 2504.000000 421.000000 2494.000000 434.000000 2472.000000 432.000000 2449.000000 437.000000 2388.000000 443.000000 2329.000000 445.000000 2269.000000 454.000000 2209.000000 454.000000 2175.000000 453.000000 2150.000000 446.000000 2124.000000 460.000000 
		}
	}
	outgoing={
		name="dudullu"
		path={
			685 684 683 689 687 690 693 598 599 
		}
		control={
			2521.000000 414.000000 2504.000000 421.000000 2494.000000 434.000000 2472.000000 432.000000 2449.000000 437.000000 2425.000000 470.000000 2386.000000 511.000000 2353.000000 511.000000 
		}
	}
	outgoing={
		name="tuzla"
		path={
			682 680 753 750 746 742 743 765 
		}
		control={
			2537.000000 379.000000 2539.000000 357.000000 2545.000000 322.000000 2536.000000 295.000000 2535.000000 251.000000 2575.000000 147.000000 2577.000000 113.000000 
		}
	}
	members={
		745 747 751 750 753 72 683 684 685 681 679 678 680 682 677 676 675 674 670 671 672 673 686 687 688 689 68 669 667 691 692 699 719 723 725 724 704 722 721 700 701 702 703 704 715 716 717 
	}
	ai_will_propagate_through_trade=yes
}
omerli={
	location=75
	color={
		125 90 135 
	}
	outgoing={
		name="dudullu"
		path={
			725 723 724 711 707 709 601 
		}
		control={
			2563.000000 663.000000 2513.000000 615.000000 2470.000000 607.000000 2423.000000 599.000000 2375.000000 583.000000 2363.000000 566.000000 
		}
	}
	members={
		75 727 728 729 726 813 817 818 821 70 757 761 759 760 833 830 824 832 78 835 831 834 836 854 
	}
	ai_will_propagate_through_trade=yes
}
sile={
	location=104
	color={
		255 50 0 
	}
	outgoing={
		name="omerli"
		path={
			837 839 849 850 834 833 832 726 
		}
		control={
			3179.000000 923.000000 3149.000000 907.000000 3113.000000 878.000000 3057.000000 838.000000 2963.000000 788.000000 2887.000000 774.000000 2737.000000 710.000000 
		}
	}
	outgoing={
		name="beykoz"
		path={
			837 839 840 841 829 828 815 76 310 811 805 
		}
		control={
			3168.000000 942.000000 3128.000000 945.000000 3100.000000 948.000000 3042.000000 968.000000 2874.000000 1005.000000 2715.000000 1039.000000 2574.000000 1071.000000 2471.000000 1084.000000 2327.000000 1064.000000 2271.000000 1003.000000 
		}
	}
	members={
		104 838 837 839 828 829 840 841 849 853 850 848 847 851 852 842 843 862 863 864 865 79 866 879 880 867 868 874 873 860 858 859 855 856 857 105 845 844 869 870 871 872 861 875 876 878 877 
	}
	ai_will_propagate_through_trade=yes
}
