#Yedikule
1={
	position={
		1853.000 505.000 1858.000 502.000 1857.000 511.000 1857.000 496.000 1857.000 511.000 1857.000 513.000 1857.000 511.000 
	}
	rotation={
		0.000 0.000 0.000 0.000 0.000 0.000 0.000 
	}
	height={
		0.000 0.000 1.000 0.000 0.000 0.000 0.000 
	}
}
#Kocamustafapasa
2={
	position={
		1872.000 525.000 1872.000 520.000 1872.000 525.000 1877.000 521.000 1872.000 525.000 1873.000 527.000 1872.000 525.000 
	}
	rotation={
		0.000 0.000 0.000 0.000 0.000 0.611 0.000 
	}
	height={
		0.000 0.000 1.000 0.000 0.000 0.000 0.000 
	}
}
#Cerrahpasa
3={
	position={
		1889.000 528.000 1897.000 527.000 1892.000 530.000 1893.000 521.000 1892.000 530.000 1892.000 534.000 1892.000 530.000 
	}
	rotation={
		0.000 0.000 0.000 0.000 0.000 0.000 0.000 
	}
	height={
		0.000 0.000 1.000 0.000 0.000 0.000 0.000 
	}
}
#Silivrikapi
4={
	position={
		1859.000 539.000 1867.000 535.000 1859.000 539.000 1864.000 544.000 1859.000 539.000 1858.000 541.000 1859.000 539.000 
	}
	rotation={
		0.000 0.000 0.000 0.000 0.000 0.000 0.000 
	}
	height={
		0.000 0.000 1.000 0.000 0.000 0.000 0.000 
	}
}
#Aksaray
5={
	position={
		1912.000 530.000 1904.000 539.000 1911.000 543.000 1913.000 525.000 1909.000 535.000 1911.000 534.000 1909.000 535.000 
	}
	rotation={
		0.000 0.000 0.000 0.000 0.000 0.000 0.000 
	}
	height={
		0.000 0.000 1.000 0.000 0.000 0.000 0.000 
	}
}
#Sehremini
6={
	position={
		1882.000 542.000 1882.000 544.000 1877.000 551.000 1882.000 556.000 1877.000 551.000 1879.000 554.000 1877.000 551.000 
	}
	rotation={
		0.000 0.000 0.000 0.000 0.000 0.000 0.000 
	}
	height={
		0.000 0.000 1.000 0.000 0.000 0.000 0.000 
	}
}
#Haseki
7={
	position={
		1895.000 546.000 1901.000 546.000 1895.000 546.000 1900.000 551.000 1895.000 546.000 1894.000 547.000 1895.000 546.000 
	}
	rotation={
		0.000 0.000 0.000 0.000 0.000 0.000 0.000 
	}
	height={
		0.000 0.000 1.000 0.000 0.000 0.000 0.000 
	}
}
#Pazartekke
8={
	position={
		1866.000 553.000 1859.000 569.000 1859.000 561.000 1864.000 566.000 1859.000 561.000 1862.000 558.000 1859.000 561.000 
	}
	rotation={
		0.000 0.000 0.000 0.000 0.000 0.000 0.000 
	}
	height={
		0.000 0.000 1.000 0.000 0.000 0.000 0.000 
	}
}
#Topkapi
9={
	position={
		1875.000 577.000 1877.000 569.000 1875.000 577.000 1880.000 582.000 1875.000 577.000 1876.000 578.000 1875.000 577.000 
	}
	rotation={
		0.000 0.000 0.000 0.000 0.000 0.000 0.000 
	}
	height={
		0.000 0.000 1.000 0.000 0.000 0.000 0.000 
	}
}
#Capa
10={
	position={
		1892.000 566.000 1894.000 559.000 1892.000 566.000 1897.000 571.000 1892.000 566.000 1891.000 567.000 1892.000 566.000 
	}
	rotation={
		0.000 0.000 0.000 0.000 0.000 0.000 0.000 
	}
	height={
		0.000 0.000 1.000 0.000 0.000 0.000 0.000 
	}
}
#Molla Gurani
11={
	position={
		1909.000 556.000 1914.000 551.000 1909.000 556.000 1914.000 561.000 1909.000 556.000 1908.000 558.000 1909.000 556.000 
	}
	rotation={
		0.000 0.000 0.000 0.000 0.000 0.000 0.000 
	}
	height={
		0.000 0.000 1.000 0.000 0.000 0.000 0.000 
	}
}
#Balat
12={
	position={
		1900.000 603.000 1909.000 591.000 1900.000 603.000 1905.000 608.000 1900.000 603.000 1901.000 600.000 1900.000 603.000 
	}
	rotation={
		0.000 0.000 0.000 0.000 0.000 0.000 0.000 
	}
	height={
		0.000 0.000 1.000 0.000 0.000 0.000 0.000 
	}
}
#Kariye
13={
	position={
		1895.000 582.000 1895.000 582.000 1890.000 590.000 1895.000 595.000 1890.000 590.000 1892.000 591.000 1890.000 590.000 
	}
	rotation={
		0.000 0.000 0.000 0.000 0.000 0.000 0.000 
	}
	height={
		0.000 0.000 1.000 0.000 0.000 0.000 0.000 
	}
}
#Fatih
14={
	position={
		1914.000 569.000 1918.000 569.000 1908.000 575.000 1913.000 580.000 1908.000 575.000 1908.000 575.000 1908.000 575.000 
	}
	rotation={
		0.000 0.000 0.000 0.000 0.000 0.000 0.000 
	}
	height={
		0.000 0.000 1.000 0.000 0.000 0.000 0.000 
	}
}
#Unkapani
15={
	position={
		1924.000 565.000 1920.000 582.000 1921.000 574.000 1926.000 579.000 1921.000 574.000 1925.000 572.000 1921.000 574.000 
	}
	rotation={
		0.000 0.000 0.000 0.000 0.000 0.000 0.000 
	}
	height={
		0.000 0.000 1.000 0.000 0.000 0.000 0.000 
	}
}
#Yenikapi
16={
	position={
		1925.000 532.000 1937.000 527.000 1927.000 533.000 1931.000 526.000 1927.000 524.000 1927.000 535.000 1927.000 533.000 
	}
	rotation={
		0.000 0.000 0.000 0.000 0.000 0.000 0.000 
	}
	height={
		0.000 0.000 1.000 0.000 0.000 0.000 0.000 
	}
}
#Kumkapi
17={
	position={
		1942.000 535.000 1947.000 531.000 1942.000 535.000 1946.000 527.000 1942.000 535.000 1944.000 536.000 1942.000 535.000 
	}
	rotation={
		0.000 0.000 0.000 0.000 0.000 0.000 0.000 
	}
	height={
		0.000 0.000 1.000 0.000 0.000 0.000 0.000 
	}
}
#Sultanahmet
18={
	position={
		1955.000 533.000 1960.000 528.000 1956.000 534.000 1961.000 539.000 1956.000 534.000 1956.000 534.000 1956.000 534.000 
	}
	rotation={
		0.000 0.000 0.000 0.000 0.000 -5.061 0.000 
	}
	height={
		0.000 0.000 1.000 0.000 0.000 0.000 0.000 
	}
}
#Cankurtaran
19={
	position={
		1971.000 544.000 1975.000 536.000 1970.000 546.000 1983.000 548.000 1977.000 534.000 1970.000 546.000 1970.000 546.000 
	}
	rotation={
		0.000 0.000 0.000 5.498 0.000 0.000 0.000 
	}
	height={
		0.000 0.000 1.000 0.000 0.000 0.000 0.000 
	}
}
#Beyazit
20={
	position={
		1948.000 551.000 1954.000 550.000 1947.000 549.000 1952.000 554.000 1947.000 549.000 1946.000 550.000 1947.000 549.000 
	}
	rotation={
		0.000 0.000 0.000 0.000 0.000 0.000 0.000 
	}
	height={
		0.000 0.000 1.000 0.000 0.000 0.000 0.000 
	}
}
#Laleli
21={
	position={
		1929.000 551.000 1932.000 548.000 1929.000 548.000 1933.000 554.000 1928.000 549.000 1928.000 551.000 1928.000 549.000 
	}
	rotation={
		0.000 0.000 0.000 0.000 0.000 0.000 0.000 
	}
	height={
		0.000 0.000 1.000 0.000 0.000 0.000 0.000 
	}
}
#Eminonu
22={
	position={
		1952.000 560.000 1957.000 557.000 1952.000 560.000 1953.000 565.000 1952.000 560.000 1953.000 560.000 1952.000 560.000 
	}
	rotation={
		0.000 0.000 0.000 3.927 0.000 0.000 0.000 
	}
	height={
		0.000 0.000 1.000 0.000 0.000 0.000 0.000 
	}
}
#Vezneciler
23={
	position={
		1934.000 561.000 1939.000 559.000 1934.000 561.000 1939.000 566.000 1934.000 561.000 1933.000 562.000 1934.000 561.000 
	}
	rotation={
		0.000 0.000 0.000 0.000 0.000 0.000 0.000 
	}
	height={
		0.000 0.000 1.000 0.000 0.000 0.000 0.000 
	}
}
#Suleymaniye
24={
	position={
		1939.000 569.000 1940.000 569.000 1936.000 570.000 1942.000 572.000 1936.000 570.000 1938.000 571.000 1936.000 570.000 
	}
	rotation={
		0.000 0.000 0.000 3.927 0.000 0.000 0.000 
	}
	height={
		0.000 0.000 1.000 0.000 0.000 0.000 0.000 
	}
}
#Marmara Sea
25={
	position={
		2470.000 45.000 2480.000 39.000 2470.000 45.000 2475.000 50.000 2470.000 45.000 2460.000 51.000 2470.000 45.000 
	}
	rotation={
		0.000 0.000 0.000 0.000 0.000 0.000 0.000 
	}
	height={
		0.000 0.000 1.000 0.000 0.000 0.000 0.000 
	}
}
#Tekirdag
26={
	position={
		117.000 1432.000 127.000 1426.000 117.000 1432.000 122.000 1437.000 117.000 1432.000 107.000 1438.000 117.000 1432.000 
	}
	rotation={
		0.000 0.000 0.000 0.000 0.000 0.000 0.000 
	}
	height={
		0.000 0.000 1.000 0.000 0.000 0.000 0.000 
	}
}
#Kocaeli
27={
	position={
		3282.000 151.000 3292.000 145.000 3282.000 151.000 3287.000 156.000 3282.000 151.000 3272.000 157.000 3282.000 151.000 
	}
	rotation={
		0.000 0.000 0.000 0.000 0.000 0.000 0.000 
	}
	height={
		0.000 0.000 1.000 0.000 0.000 0.000 0.000 
	}
}
#Belgradkapi
28={
	position={
		1839.000 504.000 1841.000 501.000 1841.000 517.000 1844.000 493.000 1841.000 517.000 1842.000 517.000 1841.000 517.000 
	}
	rotation={
		0.000 0.000 0.000 0.000 0.000 0.000 0.000 
	}
	height={
		0.000 0.000 1.000 0.000 0.000 0.000 0.000 
	}
}
#Kazlicesme
29={
	position={
		1819.000 483.000 1823.000 490.000 1815.000 485.000 1820.000 490.000 1817.000 484.000 1809.000 485.000 1815.000 485.000 
	}
	rotation={
		0.000 0.000 0.000 0.000 0.000 0.000 0.000 
	}
	height={
		0.000 0.000 1.000 0.000 0.000 0.000 0.000 
	}
}
#Yenidogan
30={
	position={
		1822.000 510.000 1824.000 503.000 1822.000 510.000 1827.000 515.000 1822.000 510.000 1822.000 514.000 1822.000 510.000 
	}
	rotation={
		0.000 0.000 0.000 0.000 0.000 0.000 0.000 
	}
	height={
		0.000 0.000 1.000 0.000 0.000 0.000 0.000 
	}
}
#Sumer
31={
	position={
		1803.000 500.000 1811.000 494.000 1803.000 500.000 1808.000 505.000 1803.000 500.000 1803.000 503.000 1803.000 500.000 
	}
	rotation={
		0.000 0.000 0.000 0.000 0.000 0.000 0.000 
	}
	height={
		0.000 0.000 1.000 0.000 0.000 0.000 0.000 
	}
}
#Telsiz
32={
	position={
		1827.000 534.000 1831.000 529.000 1830.000 532.000 1832.000 539.000 1827.000 534.000 1826.000 535.000 1827.000 534.000 
	}
	rotation={
		0.000 0.000 0.000 0.000 0.000 0.000 0.000 
	}
	height={
		0.000 0.000 1.000 0.000 0.000 0.000 0.000 
	}
}
#Veliefendi
33={
	position={
		1806.000 529.000 1815.000 525.000 1806.000 529.000 1811.000 534.000 1806.000 529.000 1807.000 529.000 1806.000 529.000 
	}
	rotation={
		0.000 0.000 0.000 0.000 0.000 0.000 0.000 
	}
	height={
		0.000 0.000 1.000 0.000 0.000 0.000 0.000 
	}
}
#Seyitnizam
34={
	position={
		1824.000 551.000 1841.000 549.000 1824.000 551.000 1829.000 556.000 1824.000 551.000 1825.000 551.000 1824.000 551.000 
	}
	rotation={
		0.000 0.000 0.000 0.000 0.000 0.000 0.000 
	}
	height={
		0.000 0.000 1.000 0.000 0.000 0.000 0.000 
	}
}
#Merkezefendi
35={
	position={
		1843.000 563.000 1848.000 558.000 1843.000 563.000 1848.000 568.000 1843.000 563.000 1843.000 565.000 1843.000 563.000 
	}
	rotation={
		0.000 0.000 0.000 0.000 0.000 0.000 0.000 
	}
	height={
		0.000 0.000 1.000 0.000 0.000 0.000 0.000 
	}
}
#Topkapi Garaj
36={
	position={
		1854.000 588.000 1859.000 586.000 1853.000 584.000 1858.000 589.000 1853.000 584.000 1853.000 587.000 1853.000 584.000 
	}
	rotation={
		0.000 0.000 0.000 0.000 0.000 0.000 0.000 
	}
	height={
		0.000 0.000 1.000 0.000 0.000 0.000 0.000 
	}
}
#Maltepe
37={
	position={
		1825.000 583.000 1835.000 577.000 1825.000 583.000 1830.000 588.000 1825.000 583.000 1828.000 583.000 1825.000 583.000 
	}
	rotation={
		0.000 0.000 0.000 0.000 0.000 0.000 0.000 
	}
	height={
		0.000 0.000 1.000 0.000 0.000 0.000 0.000 
	}
}
#Sakizagaci
38={
	position={
		1782.000 475.000 1790.000 478.000 1789.000 478.000 1782.000 469.000 1782.000 475.000 1780.000 476.000 1782.000 475.000 
	}
	rotation={
		0.000 0.000 0.000 0.000 0.000 0.000 0.000 
	}
	height={
		0.000 0.000 1.000 0.000 0.000 0.000 0.000 
	}
}
#Yenimahalle
39={
	position={
		1780.000 485.000 1788.000 486.000 1780.000 485.000 1785.000 490.000 1780.000 485.000 1780.000 484.000 1780.000 485.000 
	}
	rotation={
		0.000 0.000 0.000 0.000 0.000 0.000 0.000 
	}
	height={
		0.000 0.000 1.000 0.000 0.000 0.000 0.000 
	}
}
#Cevizlik
40={
	position={
		1765.000 470.000 1772.000 469.000 1765.000 470.000 1769.000 461.000 1765.000 470.000 1766.000 471.000 1765.000 470.000 
	}
	rotation={
		0.000 0.000 0.000 0.000 0.000 0.000 0.000 
	}
	height={
		0.000 0.000 1.000 0.000 0.000 0.000 0.000 
	}
}
#Atakoy 1. Section
41={
	position={
		1747.000 467.000 1759.000 460.000 1747.000 467.000 1759.000 453.000 1747.000 467.000 1746.000 470.000 1747.000 467.000 
	}
	rotation={
		0.000 0.000 0.000 -0.785 0.000 0.000 0.000 
	}
	height={
		0.000 0.000 1.000 0.000 0.000 0.000 0.000 
	}
}
#Atakoy 2. Section
42={
	position={
		1718.000 465.000 1731.000 468.000 1725.000 468.000 1722.000 459.000 1718.000 465.000 1713.000 466.000 1718.000 465.000 
	}
	rotation={
		0.000 0.000 0.000 0.000 0.000 0.000 0.000 
	}
	height={
		0.000 0.000 1.000 0.000 0.000 0.000 0.000 
	}
}
#Osmaniye
43={
	position={
		1780.000 511.000 1786.000 502.000 1780.000 511.000 1785.000 516.000 1780.000 511.000 1780.000 513.000 1780.000 511.000 
	}
	rotation={
		0.000 0.000 0.000 0.000 0.000 0.000 0.000 
	}
	height={
		0.000 0.000 1.000 0.000 0.000 0.000 0.000 
	}
}
#Kartaltepe
44={
	position={
		1759.000 501.000 1769.000 495.000 1759.000 501.000 1764.000 506.000 1759.000 501.000 1756.000 507.000 1759.000 501.000 
	}
	rotation={
		0.000 0.000 0.000 0.000 0.000 0.000 0.000 
	}
	height={
		0.000 0.000 1.000 0.000 0.000 0.000 0.000 
	}
}
#Zuhuratbaba
45={
	position={
		1737.000 495.000 1747.000 489.000 1737.000 495.000 1742.000 500.000 1737.000 495.000 1732.000 502.000 1737.000 495.000 
	}
	rotation={
		0.000 0.000 0.000 0.000 0.000 0.000 0.000 
	}
	height={
		0.000 0.000 1.000 0.000 0.000 0.000 0.000 
	}
}
#Atakoy 3. Section
46={
	position={
		1720.000 483.000 1730.000 477.000 1720.000 483.000 1725.000 488.000 1720.000 483.000 1719.000 483.000 1720.000 483.000 
	}
	rotation={
		0.000 0.000 0.000 0.000 0.000 0.000 0.000 
	}
	height={
		0.000 0.000 1.000 0.000 0.000 0.000 0.000 
	}
}
#Atakoy 4. Section
47={
	position={
		1694.000 495.000 1704.000 489.000 1694.000 495.000 1699.000 500.000 1694.000 495.000 1684.000 501.000 1694.000 495.000 
	}
	rotation={
		0.000 0.000 0.000 0.000 0.000 0.000 0.000 
	}
	height={
		0.000 0.000 1.000 0.000 0.000 0.000 0.000 
	}
}
#Yesilyurt
48={
	position={
		1694.000 449.000 1700.000 455.000 1694.000 449.000 1700.000 440.000 1694.000 449.000 1693.000 446.000 1694.000 449.000 
	}
	rotation={
		0.000 0.000 0.000 -1.047 0.000 0.000 0.000 
	}
	height={
		0.000 0.000 1.000 0.000 0.000 0.000 0.000 
	}
}
#Ataturk Airport
49={
	position={
		1649.000 489.000 1659.000 483.000 1649.000 489.000 1654.000 494.000 1649.000 489.000 1639.000 495.000 1649.000 489.000 
	}
	rotation={
		0.000 0.000 0.000 0.000 0.000 0.000 0.000 
	}
	height={
		0.000 0.000 1.000 0.000 0.000 0.000 0.000 
	}
}
#Yesilkoy
50={
	position={
		1663.000 434.000 1677.000 428.000 1663.000 434.000 1673.000 412.000 1663.000 434.000 1667.000 435.000 1663.000 434.000 
	}
	rotation={
		0.000 0.000 0.000 0.000 0.000 0.000 0.000 
	}
	height={
		0.000 0.000 1.000 0.000 0.000 0.000 0.000 
	}
}
#Senlik
51={
	position={
		1625.000 449.000 1635.000 443.000 1625.000 449.000 1618.000 434.000 1625.000 449.000 1623.000 453.000 1625.000 449.000 
	}
	rotation={
		0.000 0.000 0.000 0.000 0.000 0.000 0.000 
	}
	height={
		0.000 0.000 1.000 0.000 0.000 0.000 0.000 
	}
}
#Florya
52={
	position={
		1605.000 481.000 1615.000 475.000 1605.000 481.000 1610.000 486.000 1605.000 481.000 1605.000 479.000 1605.000 481.000 
	}
	rotation={
		0.000 0.000 0.000 0.000 0.000 0.000 0.000 
	}
	height={
		0.000 0.000 1.000 0.000 0.000 0.000 0.000 
	}
}
#Basinkoy
53={
	position={
		1582.000 471.000 1598.000 457.000 1582.000 471.000 1587.000 455.000 1582.000 471.000 1583.000 472.000 1582.000 471.000 
	}
	rotation={
		0.000 0.000 0.000 0.000 0.000 0.000 0.000 
	}
	height={
		0.000 0.000 1.000 0.000 0.000 0.000 0.000 
	}
}
#Bahcelievler
54={
	position={
		1755.000 534.000 1765.000 528.000 1755.000 534.000 1760.000 539.000 1755.000 534.000 1758.000 537.000 1755.000 534.000 
	}
	rotation={
		0.000 0.000 0.000 0.000 0.000 0.000 0.000 
	}
	height={
		0.000 0.000 1.000 0.000 0.000 0.000 0.000 
	}
}
#Gungoren
55={
	position={
		1768.000 581.000 1778.000 575.000 1768.000 581.000 1773.000 586.000 1768.000 581.000 1758.000 587.000 1768.000 581.000 
	}
	rotation={
		0.000 0.000 0.000 0.000 0.000 0.000 0.000 
	}
	height={
		0.000 0.000 1.000 0.000 0.000 0.000 0.000 
	}
}
#Pera
56={
	position={
		1972.000 619.000 1982.000 613.000 1972.000 619.000 1977.000 624.000 1972.000 619.000 1962.000 625.000 1972.000 619.000 
	}
	rotation={
		0.000 0.000 0.000 0.000 0.000 0.000 0.000 
	}
	height={
		0.000 0.000 1.000 0.000 0.000 0.000 0.000 
	}
}
#Sisli
57={
	position={
		1981.000 676.000 1991.000 670.000 1981.000 676.000 1986.000 681.000 1981.000 676.000 1971.000 682.000 1981.000 676.000 
	}
	rotation={
		0.000 0.000 0.000 0.000 0.000 0.000 0.000 
	}
	height={
		0.000 0.000 1.000 0.000 0.000 0.000 0.000 
	}
}
#Kagithane
58={
	position={
		1966.000 739.000 1976.000 733.000 1966.000 739.000 1971.000 744.000 1966.000 739.000 1956.000 745.000 1966.000 739.000 
	}
	rotation={
		0.000 0.000 0.000 0.000 0.000 0.000 0.000 
	}
	height={
		0.000 0.000 1.000 0.000 0.000 0.000 0.000 
	}
}
#Maslak
59={
	position={
		1999.000 839.000 2009.000 833.000 1999.000 839.000 2004.000 844.000 1999.000 839.000 1989.000 845.000 1999.000 839.000 
	}
	rotation={
		0.000 0.000 0.000 0.000 0.000 0.000 0.000 
	}
	height={
		0.000 0.000 1.000 0.000 0.000 0.000 0.000 
	}
}
#Besiktas
60={
	position={
		2015.000 643.000 2025.000 644.000 2015.000 643.000 2020.000 648.000 2015.000 643.000 2014.000 643.000 2015.000 643.000 
	}
	rotation={
		0.000 0.000 0.000 0.000 0.000 0.000 0.000 
	}
	height={
		0.000 0.000 1.000 0.000 0.000 0.000 0.000 
	}
}
#Uskudar
61={
	position={
		2120.000 591.000 2130.000 585.000 2120.000 591.000 2125.000 596.000 2120.000 591.000 2110.000 597.000 2120.000 591.000 
	}
	rotation={
		0.000 0.000 0.000 0.000 0.000 0.000 0.000 
	}
	height={
		0.000 0.000 1.000 0.000 0.000 0.000 0.000 
	}
}
#Kadikoy
62={
	position={
		2171.000 470.000 2181.000 464.000 2171.000 470.000 2176.000 475.000 2171.000 470.000 2161.000 476.000 2171.000 470.000 
	}
	rotation={
		0.000 0.000 0.000 0.000 0.000 0.000 0.000 
	}
	height={
		0.000 0.000 1.000 0.000 0.000 0.000 0.000 
	}
}
#Maltepe
63={
	position={
		2320.000 381.000 2330.000 375.000 2320.000 381.000 2325.000 386.000 2320.000 381.000 2310.000 387.000 2320.000 381.000 
	}
	rotation={
		0.000 0.000 0.000 0.000 0.000 0.000 0.000 
	}
	height={
		0.000 0.000 1.000 0.000 0.000 0.000 0.000 
	}
}
#Buyukada
64={
	position={
		2195.000 185.000 2205.000 179.000 2195.000 185.000 2200.000 190.000 2195.000 185.000 2185.000 191.000 2195.000 185.000 
	}
	rotation={
		0.000 0.000 0.000 0.000 0.000 0.000 0.000 
	}
	height={
		0.000 0.000 1.000 0.000 0.000 0.000 0.000 
	}
}
#Halic
65={
	position={
		1908.000 632.000 1934.000 585.000 1908.000 632.000 1913.000 637.000 1908.000 632.000 1931.000 595.000 1908.000 632.000 
	}
	rotation={
		0.000 0.000 0.000 0.000 0.000 0.000 0.000 
	}
	height={
		0.000 0.000 1.000 0.000 0.000 0.000 0.000 
	}
}
#Bosphorus
66={
	position={
		2131.000 826.000 2141.000 820.000 2131.000 826.000 2136.000 831.000 2131.000 826.000 2121.000 832.000 2131.000 826.000 
	}
	rotation={
		0.000 0.000 0.000 0.000 0.000 0.000 0.000 
	}
	height={
		0.000 0.000 1.000 0.000 0.000 0.000 0.000 
	}
}
#Black Sea
67={
	position={
		3726.000 1288.000 3736.000 1282.000 3726.000 1288.000 3731.000 1293.000 3726.000 1288.000 3716.000 1294.000 3726.000 1288.000 
	}
	rotation={
		0.000 0.000 0.000 0.000 0.000 0.000 0.000 
	}
	height={
		0.000 0.000 1.000 0.000 0.000 0.000 0.000 
	}
}
#Kartal
68={
	position={
		2411.000 295.000 2421.000 289.000 2411.000 295.000 2416.000 300.000 2411.000 295.000 2401.000 301.000 2411.000 295.000 
	}
	rotation={
		0.000 0.000 0.000 0.000 0.000 0.000 0.000 
	}
	height={
		0.000 0.000 1.000 0.000 0.000 0.000 0.000 
	}
}
#Pendik
69={
	position={
		2552.000 249.000 2562.000 243.000 2552.000 249.000 2557.000 254.000 2552.000 249.000 2542.000 255.000 2552.000 249.000 
	}
	rotation={
		0.000 0.000 0.000 0.000 0.000 0.000 0.000 
	}
	height={
		0.000 0.000 1.000 0.000 0.000 0.000 0.000 
	}
}
#Kurnakoy
70={
	position={
		2742.000 486.000 2752.000 480.000 2742.000 486.000 2747.000 491.000 2742.000 486.000 2732.000 492.000 2742.000 486.000 
	}
	rotation={
		0.000 0.000 0.000 0.000 0.000 0.000 0.000 
	}
	height={
		0.000 0.000 1.000 0.000 0.000 0.000 0.000 
	}
}
#Tuzla
71={
	position={
		2722.000 237.000 2732.000 231.000 2722.000 237.000 2727.000 242.000 2722.000 237.000 2712.000 243.000 2722.000 237.000 
	}
	rotation={
		0.000 0.000 0.000 0.000 0.000 0.000 0.000 
	}
	height={
		0.000 0.000 1.000 0.000 0.000 0.000 0.000 
	}
}
#Sultanbeyli
72={
	position={
		2539.000 416.000 2549.000 410.000 2539.000 416.000 2544.000 421.000 2539.000 416.000 2529.000 422.000 2539.000 416.000 
	}
	rotation={
		0.000 0.000 0.000 0.000 0.000 0.000 0.000 
	}
	height={
		0.000 0.000 1.000 0.000 0.000 0.000 0.000 
	}
}
#Cekmekoy
73={
	position={
		2388.000 558.000 2398.000 552.000 2388.000 558.000 2393.000 563.000 2388.000 558.000 2378.000 564.000 2388.000 558.000 
	}
	rotation={
		0.000 0.000 0.000 0.000 0.000 0.000 0.000 
	}
	height={
		0.000 0.000 1.000 0.000 0.000 0.000 0.000 
	}
}
#Beykoz
74={
	position={
		2297.000 753.000 2307.000 747.000 2297.000 753.000 2302.000 758.000 2297.000 753.000 2287.000 759.000 2297.000 753.000 
	}
	rotation={
		0.000 0.000 0.000 0.000 0.000 0.000 0.000 
	}
	height={
		0.000 0.000 1.000 0.000 0.000 0.000 0.000 
	}
}
#Omerli
75={
	position={
		2610.000 727.000 2620.000 721.000 2610.000 727.000 2615.000 732.000 2610.000 727.000 2600.000 733.000 2610.000 727.000 
	}
	rotation={
		0.000 0.000 0.000 0.000 0.000 0.000 0.000 
	}
	height={
		0.000 0.000 1.000 0.000 0.000 0.000 0.000 
	}
}
#Riva
76={
	position={
		2514.000 955.000 2524.000 949.000 2514.000 955.000 2519.000 960.000 2514.000 955.000 2504.000 961.000 2514.000 955.000 
	}
	rotation={
		0.000 0.000 0.000 0.000 0.000 0.000 0.000 
	}
	height={
		0.000 0.000 1.000 0.000 0.000 0.000 0.000 
	}
}
#Sahilkoy
77={
	position={
		2807.000 938.000 2817.000 932.000 2807.000 938.000 2812.000 943.000 2807.000 938.000 2797.000 944.000 2807.000 938.000 
	}
	rotation={
		0.000 0.000 0.000 0.000 0.000 0.000 0.000 
	}
	height={
		0.000 0.000 1.000 0.000 0.000 0.000 0.000 
	}
}
#Bicikdere
78={
	position={
		2909.000 691.000 2919.000 685.000 2909.000 691.000 2914.000 696.000 2909.000 691.000 2899.000 697.000 2909.000 691.000 
	}
	rotation={
		0.000 0.000 0.000 0.000 0.000 0.000 0.000 
	}
	height={
		0.000 0.000 1.000 0.000 0.000 0.000 0.000 
	}
}
#Agva
79={
	position={
		3586.000 741.000 3596.000 735.000 3586.000 741.000 3591.000 746.000 3586.000 741.000 3576.000 747.000 3586.000 741.000 
	}
	rotation={
		0.000 0.000 0.000 0.000 0.000 0.000 0.000 
	}
	height={
		0.000 0.000 1.000 0.000 0.000 0.000 0.000 
	}
}
#Gebze
80={
	position={
		2938.000 125.000 2948.000 119.000 2938.000 125.000 2943.000 130.000 2938.000 125.000 2928.000 131.000 2938.000 125.000 
	}
	rotation={
		0.000 0.000 0.000 0.000 0.000 0.000 0.000 
	}
	height={
		0.000 0.000 1.000 0.000 0.000 0.000 0.000 
	}
}
#Gebze
81={
	position={
		3557.000 435.000 3567.000 429.000 3557.000 435.000 3562.000 440.000 3557.000 435.000 3547.000 441.000 3557.000 435.000 
	}
	rotation={
		0.000 0.000 0.000 0.000 0.000 0.000 0.000 
	}
	height={
		0.000 0.000 1.000 0.000 0.000 0.000 0.000 
	}
}
#Kocaeli
82={
	position={
		3728.000 134.000 3738.000 128.000 3728.000 134.000 3733.000 139.000 3728.000 134.000 3718.000 140.000 3728.000 134.000 
	}
	rotation={
		0.000 0.000 0.000 0.000 0.000 0.000 0.000 
	}
	height={
		0.000 0.000 1.000 0.000 0.000 0.000 0.000 
	}
}
#Kocaeli
83={
	position={
		3084.000 401.000 3094.000 395.000 3084.000 401.000 3089.000 406.000 3084.000 401.000 3074.000 407.000 3084.000 401.000 
	}
	rotation={
		0.000 0.000 0.000 0.000 0.000 0.000 0.000 
	}
	height={
		0.000 0.000 1.000 0.000 0.000 0.000 0.000 
	}
}
#Kocaeli
84={
	position={
		3505.000 216.000 3515.000 210.000 3505.000 216.000 3510.000 221.000 3505.000 216.000 3495.000 222.000 3505.000 216.000 
	}
	rotation={
		0.000 0.000 0.000 0.000 0.000 0.000 0.000 
	}
	height={
		0.000 0.000 1.000 0.000 0.000 0.000 0.000 
	}
}
#Tarabya
85={
	position={
		2093.000 829.000 2103.000 823.000 2093.000 829.000 2098.000 834.000 2093.000 829.000 2083.000 835.000 2093.000 829.000 
	}
	rotation={
		0.000 0.000 0.000 0.000 0.000 0.000 0.000 
	}
	height={
		0.000 0.000 1.000 0.000 0.000 0.000 0.000 
	}
}
#Sariyer
86={
	position={
		2047.000 1051.000 2057.000 1045.000 2047.000 1051.000 2052.000 1056.000 2047.000 1051.000 2037.000 1057.000 2047.000 1051.000 
	}
	rotation={
		0.000 0.000 0.000 0.000 0.000 0.000 0.000 
	}
	height={
		0.000 0.000 1.000 0.000 0.000 0.000 0.000 
	}
}
#Eyup
87={
	position={
		1876.000 670.000 1871.000 661.000 1876.000 670.000 1881.000 675.000 1876.000 670.000 1877.000 672.000 1876.000 670.000 
	}
	rotation={
		0.000 0.000 0.000 0.000 0.000 0.000 0.000 
	}
	height={
		0.000 0.000 1.000 0.000 0.000 0.000 0.000 
	}
}
#Alibeykoy
88={
	position={
		1917.000 744.000 1927.000 738.000 1917.000 744.000 1922.000 749.000 1917.000 744.000 1907.000 750.000 1917.000 744.000 
	}
	rotation={
		0.000 0.000 0.000 0.000 0.000 0.000 0.000 
	}
	height={
		0.000 0.000 1.000 0.000 0.000 0.000 0.000 
	}
}
#Mithatpasa
89={
	position={
		1841.000 1070.000 1851.000 1064.000 1841.000 1070.000 1846.000 1075.000 1841.000 1070.000 1831.000 1076.000 1841.000 1070.000 
	}
	rotation={
		0.000 0.000 0.000 0.000 0.000 0.000 0.000 
	}
	height={
		0.000 0.000 1.000 0.000 0.000 0.000 0.000 
	}
}
#Bayrampasa
90={
	position={
		1791.000 690.000 1801.000 684.000 1791.000 690.000 1796.000 695.000 1791.000 690.000 1790.000 694.000 1791.000 690.000 
	}
	rotation={
		0.000 0.000 0.000 0.000 0.000 0.000 0.000 
	}
	height={
		0.000 0.000 1.000 0.000 0.000 0.000 0.000 
	}
}
#Gaziosmanpasa
91={
	position={
		1822.000 712.000 1832.000 706.000 1822.000 712.000 1827.000 717.000 1822.000 712.000 1812.000 718.000 1822.000 712.000 
	}
	rotation={
		0.000 0.000 0.000 0.000 0.000 0.000 0.000 
	}
	height={
		0.000 0.000 1.000 0.000 0.000 0.000 0.000 
	}
}
#Sultangazi
92={
	position={
		1774.000 819.000 1784.000 813.000 1774.000 819.000 1779.000 824.000 1774.000 819.000 1764.000 825.000 1774.000 819.000 
	}
	rotation={
		0.000 0.000 0.000 0.000 0.000 0.000 0.000 
	}
	height={
		0.000 0.000 1.000 0.000 0.000 0.000 0.000 
	}
}
#Esenler
93={
	position={
		1724.000 733.000 1734.000 727.000 1724.000 733.000 1729.000 738.000 1724.000 733.000 1714.000 739.000 1724.000 733.000 
	}
	rotation={
		0.000 0.000 0.000 0.000 0.000 0.000 0.000 
	}
	height={
		0.000 0.000 1.000 0.000 0.000 0.000 0.000 
	}
}
#Bagcilar
94={
	position={
		1732.000 607.000 1742.000 610.000 1732.000 607.000 1737.000 612.000 1732.000 607.000 1732.000 610.000 1732.000 607.000 
	}
	rotation={
		0.000 0.000 0.000 0.000 0.000 0.000 0.000 
	}
	height={
		0.000 0.000 1.000 0.000 0.000 0.000 0.000 
	}
}
#Basaksehir
95={
	position={
		1544.000 780.000 1554.000 774.000 1544.000 780.000 1549.000 785.000 1544.000 780.000 1534.000 786.000 1544.000 780.000 
	}
	rotation={
		0.000 0.000 0.000 0.000 0.000 0.000 0.000 
	}
	height={
		0.000 0.000 1.000 0.000 0.000 0.000 0.000 
	}
}
#Kucukcekmece
96={
	position={
		1550.000 489.000 1534.000 484.000 1591.000 599.000 1552.000 485.000 1552.000 485.000 1555.000 493.000 1591.000 599.000 
	}
	rotation={
		0.000 0.000 0.000 0.000 0.000 0.000 0.000 
	}
	height={
		0.000 0.000 1.000 0.000 0.000 0.000 0.000 
	}
}
#Kucukcekmece Desert
97={
	position={
		1506.000 585.000 1516.000 579.000 1506.000 585.000 1511.000 590.000 1506.000 585.000 1496.000 591.000 1506.000 585.000 
	}
	rotation={
		0.000 0.000 0.000 0.000 0.000 0.000 0.000 
	}
	height={
		0.000 0.000 1.000 0.000 0.000 0.000 0.000 
	}
}
#Avcilar
98={
	position={
		1480.000 485.000 1473.000 488.000 1439.000 596.000 1475.000 486.000 1439.000 596.000 1462.000 487.000 1439.000 596.000 
	}
	rotation={
		0.000 0.000 0.000 0.000 0.000 0.000 0.000 
	}
	height={
		0.000 0.000 1.000 0.000 0.000 0.000 0.000 
	}
}
#Beylikduzu
99={
	position={
		1338.000 524.000 1342.000 524.000 1314.000 493.000 1336.000 530.000 1314.000 493.000 1335.000 535.000 1314.000 493.000 
	}
	rotation={
		0.000 0.000 0.000 0.000 0.000 0.000 0.000 
	}
	height={
		0.000 0.000 1.000 0.000 0.000 0.000 0.000 
	}
}
#Esenyurt
100={
	position={
		1343.000 638.000 1353.000 632.000 1343.000 638.000 1348.000 643.000 1343.000 638.000 1333.000 644.000 1343.000 638.000 
	}
	rotation={
		0.000 0.000 0.000 0.000 0.000 0.000 0.000 
	}
	height={
		0.000 0.000 1.000 0.000 0.000 0.000 0.000 
	}
}
#Buyukcekmece
101={
	position={
		1221.000 665.000 1231.000 659.000 1221.000 665.000 1226.000 670.000 1221.000 665.000 1211.000 671.000 1221.000 665.000 
	}
	rotation={
		0.000 0.000 0.000 0.000 0.000 0.000 0.000 
	}
	height={
		0.000 0.000 1.000 0.000 0.000 0.000 0.000 
	}
}
#Buyukcekmece Desert
102={
	position={
		1145.000 719.000 1155.000 713.000 1145.000 719.000 1150.000 724.000 1145.000 719.000 1135.000 725.000 1145.000 719.000 
	}
	rotation={
		0.000 0.000 0.000 0.000 0.000 0.000 0.000 
	}
	height={
		0.000 0.000 1.000 0.000 0.000 0.000 0.000 
	}
}
#Kumburgaz
103={
	position={
		991.000 673.000 1001.000 667.000 991.000 673.000 996.000 678.000 991.000 673.000 981.000 679.000 991.000 673.000 
	}
	rotation={
		0.000 0.000 0.000 0.000 0.000 0.000 0.000 
	}
	height={
		0.000 0.000 1.000 0.000 0.000 0.000 0.000 
	}
}
#Sile
104={
	position={
		3195.000 836.000 3205.000 830.000 3195.000 836.000 3200.000 841.000 3195.000 836.000 3185.000 842.000 3195.000 836.000 
	}
	rotation={
		0.000 0.000 0.000 0.000 0.000 0.000 0.000 
	}
	height={
		0.000 0.000 1.000 0.000 0.000 0.000 0.000 
	}
}
#Hasanli
105={
	position={
		3260.000 599.000 3270.000 593.000 3260.000 599.000 3265.000 604.000 3260.000 599.000 3250.000 605.000 3260.000 599.000 
	}
	rotation={
		0.000 0.000 0.000 0.000 0.000 0.000 0.000 
	}
	height={
		0.000 0.000 1.000 0.000 0.000 0.000 0.000 
	}
}
#Kocaeli
106={
	position={
		3770.000 562.000 3780.000 556.000 3770.000 562.000 3775.000 567.000 3770.000 562.000 3760.000 568.000 3770.000 562.000 
	}
	rotation={
		0.000 0.000 0.000 0.000 0.000 0.000 0.000 
	}
	height={
		0.000 0.000 1.000 0.000 0.000 0.000 0.000 
	}
}
#Gumusyaka
107={
	position={
		205.000 1128.000 215.000 1122.000 205.000 1128.000 210.000 1133.000 205.000 1128.000 195.000 1134.000 205.000 1128.000 
	}
	rotation={
		0.000 0.000 0.000 0.000 0.000 0.000 0.000 
	}
	height={
		0.000 0.000 1.000 0.000 0.000 0.000 0.000 
	}
}
#Silivri
108={
	position={
		507.000 790.000 517.000 784.000 507.000 790.000 512.000 795.000 507.000 790.000 497.000 796.000 507.000 790.000 
	}
	rotation={
		0.000 0.000 0.000 0.000 0.000 0.000 0.000 
	}
	height={
		0.000 0.000 1.000 0.000 0.000 0.000 0.000 
	}
}
#Selimpasa
109={
	position={
		239.000 781.000 249.000 775.000 239.000 781.000 244.000 786.000 239.000 781.000 229.000 787.000 239.000 781.000 
	}
	rotation={
		0.000 0.000 0.000 0.000 0.000 0.000 0.000 
	}
	height={
		0.000 0.000 1.000 0.000 0.000 0.000 0.000 
	}
}
#Sinekli
110={
	position={
		548.000 1247.000 558.000 1241.000 548.000 1247.000 553.000 1252.000 548.000 1247.000 538.000 1253.000 548.000 1247.000 
	}
	rotation={
		0.000 0.000 0.000 0.000 0.000 0.000 0.000 
	}
	height={
		0.000 0.000 1.000 0.000 0.000 0.000 0.000 
	}
}
#Buyukcavuslu
111={
	position={
		761.000 806.000 771.000 800.000 761.000 806.000 766.000 811.000 761.000 806.000 751.000 812.000 761.000 806.000 
	}
	rotation={
		0.000 0.000 0.000 0.000 0.000 0.000 0.000 
	}
	height={
		0.000 0.000 1.000 0.000 0.000 0.000 0.000 
	}
}
#Arnavutkoy
112={
	position={
		1508.000 1005.000 1518.000 999.000 1508.000 1005.000 1513.000 1010.000 1508.000 1005.000 1498.000 1011.000 1508.000 1005.000 
	}
	rotation={
		0.000 0.000 0.000 0.000 0.000 0.000 0.000 
	}
	height={
		0.000 0.000 1.000 0.000 0.000 0.000 0.000 
	}
}
#Karaburun
113={
	position={
		1390.000 1270.000 1400.000 1264.000 1390.000 1270.000 1395.000 1275.000 1390.000 1270.000 1380.000 1276.000 1390.000 1270.000 
	}
	rotation={
		0.000 0.000 0.000 0.000 0.000 0.000 0.000 
	}
	height={
		0.000 0.000 1.000 0.000 0.000 0.000 0.000 
	}
}
#Hadimkoy
114={
	position={
		1291.000 934.000 1301.000 928.000 1291.000 934.000 1296.000 939.000 1291.000 934.000 1281.000 940.000 1291.000 934.000 
	}
	rotation={
		0.000 0.000 0.000 0.000 0.000 0.000 0.000 
	}
	height={
		0.000 0.000 1.000 0.000 0.000 0.000 0.000 
	}
}
#Catalca
115={
	position={
		957.000 881.000 967.000 875.000 957.000 881.000 962.000 886.000 957.000 881.000 947.000 887.000 957.000 881.000 
	}
	rotation={
		0.000 0.000 0.000 0.000 0.000 0.000 0.000 
	}
	height={
		0.000 0.000 1.000 0.000 0.000 0.000 0.000 
	}
}
#Karacakoy
116={
	position={
		777.000 1562.000 787.000 1556.000 777.000 1562.000 782.000 1567.000 777.000 1562.000 767.000 1568.000 777.000 1562.000 
	}
	rotation={
		0.000 0.000 0.000 0.000 0.000 0.000 0.000 
	}
	height={
		0.000 0.000 1.000 0.000 0.000 0.000 0.000 
	}
}
#Ciftlikkoy
117={
	position={
		1038.000 1458.000 1048.000 1452.000 1038.000 1458.000 1043.000 1463.000 1038.000 1458.000 1028.000 1464.000 1038.000 1458.000 
	}
	rotation={
		0.000 0.000 0.000 0.000 0.000 0.000 0.000 
	}
	height={
		0.000 0.000 1.000 0.000 0.000 0.000 0.000 
	}
}
#Akalan
118={
	position={
		911.000 1130.000 921.000 1124.000 911.000 1130.000 916.000 1135.000 911.000 1130.000 901.000 1136.000 911.000 1130.000 
	}
	rotation={
		0.000 0.000 0.000 0.000 0.000 0.000 0.000 
	}
	height={
		0.000 0.000 1.000 0.000 0.000 0.000 0.000 
	}
}
#Corlu
119={
	position={
		37.000 924.000 47.000 918.000 37.000 924.000 42.000 929.000 37.000 924.000 27.000 930.000 37.000 924.000 
	}
	rotation={
		0.000 0.000 0.000 0.000 0.000 0.000 0.000 
	}
	height={
		0.000 0.000 1.000 0.000 0.000 0.000 0.000 
	}
}
#Kirklareli
120={
	position={
		134.000 1900.000 144.000 1894.000 134.000 1900.000 139.000 1905.000 134.000 1900.000 124.000 1906.000 134.000 1900.000 
	}
	rotation={
		0.000 0.000 0.000 0.000 0.000 0.000 0.000 
	}
	height={
		0.000 0.000 1.000 0.000 0.000 0.000 0.000 
	}
}
#Kirklareli
121={
	position={
		1.000 1.000 11.000 -5.000 1.000 1.000 6.000 6.000 1.000 1.000 -9.000 7.000 1.000 1.000 
	}
	rotation={
		0.000 0.000 0.000 0.000 0.000 0.000 0.000 
	}
	height={
		0.000 0.000 1.000 0.000 0.000 0.000 0.000 
	}
}
#Corlu
122={
	position={
		86.000 1255.000 96.000 1249.000 86.000 1255.000 91.000 1260.000 86.000 1255.000 76.000 1261.000 86.000 1255.000 
	}
	rotation={
		0.000 0.000 0.000 0.000 0.000 0.000 0.000 
	}
	height={
		0.000 0.000 1.000 0.000 0.000 0.000 0.000 
	}
}
#Kirklareli
123={
	position={
		171.000 1647.000 181.000 1641.000 171.000 1647.000 176.000 1652.000 171.000 1647.000 161.000 1653.000 171.000 1647.000 
	}
	rotation={
		0.000 0.000 0.000 0.000 0.000 0.000 0.000 
	}
	height={
		0.000 0.000 1.000 0.000 0.000 0.000 0.000 
	}
}
#Marmara Ereglisi
124={
	position={
		1.000 1.000 11.000 -5.000 1.000 1.000 6.000 6.000 1.000 1.000 -9.000 7.000 1.000 1.000 
	}
	rotation={
		0.000 0.000 0.000 0.000 0.000 0.000 0.000 
	}
	height={
		0.000 0.000 1.000 0.000 0.000 0.000 0.000 
	}
}
#Marmara Sea
125={
	position={
		247.000 389.000 257.000 383.000 247.000 389.000 252.000 394.000 247.000 389.000 237.000 395.000 247.000 389.000 
	}
	rotation={
		0.000 0.000 0.000 0.000 0.000 0.000 0.000 
	}
	height={
		0.000 0.000 1.000 0.000 0.000 0.000 0.000 
	}
}
#Coast of Gumusyaka
126={
	position={
		174.000 603.000 184.000 597.000 174.000 603.000 179.000 608.000 174.000 603.000 164.000 609.000 174.000 603.000 
	}
	rotation={
		0.000 0.000 0.000 0.000 0.000 0.000 0.000 
	}
	height={
		0.000 0.000 1.000 0.000 0.000 0.000 0.000 
	}
}
#Coast of Silivri
127={
	position={
		489.000 625.000 499.000 619.000 489.000 625.000 494.000 630.000 489.000 625.000 479.000 631.000 489.000 625.000 
	}
	rotation={
		0.000 0.000 0.000 0.000 0.000 0.000 0.000 
	}
	height={
		0.000 0.000 1.000 0.000 0.000 0.000 0.000 
	}
}
#Coast of Selimpasa
128={
	position={
		764.000 580.000 774.000 574.000 764.000 580.000 769.000 585.000 764.000 580.000 754.000 586.000 764.000 580.000 
	}
	rotation={
		0.000 0.000 0.000 0.000 0.000 0.000 0.000 
	}
	height={
		0.000 0.000 1.000 0.000 0.000 0.000 0.000 
	}
}
#Coast of Kumburgaz
129={
	position={
		964.000 513.000 974.000 507.000 964.000 513.000 969.000 518.000 964.000 513.000 954.000 519.000 964.000 513.000 
	}
	rotation={
		0.000 0.000 0.000 0.000 0.000 0.000 0.000 
	}
	height={
		0.000 0.000 1.000 0.000 0.000 0.000 0.000 
	}
}
#Gulf of Büyükcekmece
130={
	position={
		1177.000 526.000 1187.000 520.000 1177.000 526.000 1182.000 531.000 1177.000 526.000 1167.000 532.000 1177.000 526.000 
	}
	rotation={
		0.000 0.000 0.000 0.000 0.000 0.000 0.000 
	}
	height={
		0.000 0.000 1.000 0.000 0.000 0.000 0.000 
	}
}
#Coast of Büyükcekmece
131={
	position={
		1138.000 436.000 1148.000 430.000 1138.000 436.000 1143.000 441.000 1138.000 436.000 1128.000 442.000 1138.000 436.000 
	}
	rotation={
		0.000 0.000 0.000 0.000 0.000 0.000 0.000 
	}
	height={
		0.000 0.000 1.000 0.000 0.000 0.000 0.000 
	}
}
#Coast of Gürpinar
132={
	position={
		1317.000 398.000 1327.000 392.000 1317.000 398.000 1322.000 403.000 1317.000 398.000 1307.000 404.000 1317.000 398.000 
	}
	rotation={
		0.000 0.000 0.000 0.000 0.000 0.000 0.000 
	}
	height={
		0.000 0.000 1.000 0.000 0.000 0.000 0.000 
	}
}
#Coast of Avcilar
133={
	position={
		1475.000 401.000 1485.000 395.000 1475.000 401.000 1480.000 406.000 1475.000 401.000 1465.000 407.000 1475.000 401.000 
	}
	rotation={
		0.000 0.000 0.000 0.000 0.000 0.000 0.000 
	}
	height={
		0.000 0.000 1.000 0.000 0.000 0.000 0.000 
	}
}
#Coast of Florya
134={
	position={
		1585.000 395.000 1595.000 389.000 1585.000 395.000 1590.000 400.000 1585.000 395.000 1575.000 401.000 1585.000 395.000 
	}
	rotation={
		0.000 0.000 0.000 0.000 0.000 0.000 0.000 
	}
	height={
		0.000 0.000 1.000 0.000 0.000 0.000 0.000 
	}
}
#Coast of Yesilkoy
135={
	position={
		1717.000 391.000 1727.000 385.000 1717.000 391.000 1722.000 396.000 1717.000 391.000 1707.000 397.000 1717.000 391.000 
	}
	rotation={
		0.000 0.000 0.000 0.000 0.000 0.000 0.000 
	}
	height={
		0.000 0.000 1.000 0.000 0.000 0.000 0.000 
	}
}
#Coast of Kazlicesme
136={
	position={
		1816.000 420.000 1826.000 414.000 1816.000 420.000 1821.000 425.000 1816.000 420.000 1806.000 426.000 1816.000 420.000 
	}
	rotation={
		0.000 0.000 0.000 0.000 0.000 0.000 0.000 
	}
	height={
		0.000 0.000 1.000 0.000 0.000 0.000 0.000 
	}
}
#Coast of Samatya
137={
	position={
		1892.000 458.000 1902.000 452.000 1892.000 458.000 1897.000 463.000 1892.000 458.000 1882.000 464.000 1892.000 458.000 
	}
	rotation={
		0.000 0.000 0.000 0.000 0.000 0.000 0.000 
	}
	height={
		0.000 0.000 1.000 0.000 0.000 0.000 0.000 
	}
}
#Coast of Yenikapi
138={
	position={
		1955.000 485.000 1965.000 479.000 1955.000 485.000 1960.000 490.000 1955.000 485.000 1945.000 491.000 1955.000 485.000 
	}
	rotation={
		0.000 0.000 0.000 0.000 0.000 0.000 0.000 
	}
	height={
		0.000 0.000 1.000 0.000 0.000 0.000 0.000 
	}
}
#Coast of Gulhane
139={
	position={
		1988.000 520.000 1998.000 514.000 1988.000 520.000 1993.000 525.000 1988.000 520.000 1978.000 526.000 1988.000 520.000 
	}
	rotation={
		0.000 0.000 0.000 0.000 0.000 0.000 0.000 
	}
	height={
		0.000 0.000 1.000 0.000 0.000 0.000 0.000 
	}
}
#Coast of Uskudar
140={
	position={
		2020.000 514.000 2030.000 508.000 2020.000 514.000 2025.000 519.000 2020.000 514.000 2010.000 520.000 2020.000 514.000 
	}
	rotation={
		0.000 0.000 0.000 0.000 0.000 0.000 0.000 
	}
	height={
		0.000 0.000 1.000 0.000 0.000 0.000 0.000 
	}
}
#Coast of Kadikoy
141={
	position={
		2054.000 443.000 2064.000 437.000 2054.000 443.000 2059.000 448.000 2054.000 443.000 2044.000 449.000 2054.000 443.000 
	}
	rotation={
		0.000 0.000 0.000 0.000 0.000 0.000 0.000 
	}
	height={
		0.000 0.000 1.000 0.000 0.000 0.000 0.000 
	}
}
#Coast of Bostanci
142={
	position={
		2155.000 375.000 2165.000 369.000 2155.000 375.000 2160.000 380.000 2155.000 375.000 2145.000 381.000 2155.000 375.000 
	}
	rotation={
		0.000 0.000 0.000 0.000 0.000 0.000 0.000 
	}
	height={
		0.000 0.000 1.000 0.000 0.000 0.000 0.000 
	}
}
#Coast of Maltepe
143={
	position={
		2246.000 280.000 2256.000 274.000 2246.000 280.000 2251.000 285.000 2246.000 280.000 2236.000 286.000 2246.000 280.000 
	}
	rotation={
		0.000 0.000 0.000 0.000 0.000 0.000 0.000 
	}
	height={
		0.000 0.000 1.000 0.000 0.000 0.000 0.000 
	}
}
#Coast of Kartal
144={
	position={
		2380.000 186.000 2390.000 180.000 2380.000 186.000 2385.000 191.000 2380.000 186.000 2370.000 192.000 2380.000 186.000 
	}
	rotation={
		0.000 0.000 0.000 0.000 0.000 0.000 0.000 
	}
	height={
		0.000 0.000 1.000 0.000 0.000 0.000 0.000 
	}
}
#Coast of Tuzla
145={
	position={
		2489.000 116.000 2499.000 110.000 2489.000 116.000 2494.000 121.000 2489.000 116.000 2479.000 122.000 2489.000 116.000 
	}
	rotation={
		0.000 0.000 0.000 0.000 0.000 0.000 0.000 
	}
	height={
		0.000 0.000 1.000 0.000 0.000 0.000 0.000 
	}
}
#Coast of Kinaliada
146={
	position={
		2131.000 318.000 2141.000 312.000 2131.000 318.000 2136.000 323.000 2131.000 318.000 2121.000 324.000 2131.000 318.000 
	}
	rotation={
		0.000 0.000 0.000 0.000 0.000 0.000 0.000 
	}
	height={
		0.000 0.000 1.000 0.000 0.000 0.000 0.000 
	}
}
#Coast of Burgazada
147={
	position={
		2154.000 251.000 2164.000 245.000 2154.000 251.000 2159.000 256.000 2154.000 251.000 2144.000 257.000 2154.000 251.000 
	}
	rotation={
		0.000 0.000 0.000 0.000 0.000 0.000 0.000 
	}
	height={
		0.000 0.000 1.000 0.000 0.000 0.000 0.000 
	}
}
#Coast of Heybeliada
148={
	position={
		2226.000 215.000 2236.000 209.000 2226.000 215.000 2231.000 220.000 2226.000 215.000 2216.000 221.000 2226.000 215.000 
	}
	rotation={
		0.000 0.000 0.000 0.000 0.000 0.000 0.000 
	}
	height={
		0.000 0.000 1.000 0.000 0.000 0.000 0.000 
	}
}
#Coast of Buyukada
149={
	position={
		2302.000 162.000 2312.000 156.000 2302.000 162.000 2307.000 167.000 2302.000 162.000 2292.000 168.000 2302.000 162.000 
	}
	rotation={
		0.000 0.000 0.000 0.000 0.000 0.000 0.000 
	}
	height={
		0.000 0.000 1.000 0.000 0.000 0.000 0.000 
	}
}
#Marmara Sea
150={
	position={
		891.000 326.000 901.000 320.000 891.000 326.000 896.000 331.000 891.000 326.000 881.000 332.000 891.000 326.000 
	}
	rotation={
		0.000 0.000 0.000 0.000 0.000 0.000 0.000 
	}
	height={
		0.000 0.000 1.000 0.000 0.000 0.000 0.000 
	}
}
#Marmara Sea
151={
	position={
		1218.000 282.000 1228.000 276.000 1218.000 282.000 1223.000 287.000 1218.000 282.000 1208.000 288.000 1218.000 282.000 
	}
	rotation={
		0.000 0.000 0.000 0.000 0.000 0.000 0.000 
	}
	height={
		0.000 0.000 1.000 0.000 0.000 0.000 0.000 
	}
}
#Marmara Sea
152={
	position={
		1930.000 288.000 1940.000 282.000 1930.000 288.000 1935.000 293.000 1930.000 288.000 1920.000 294.000 1930.000 288.000 
	}
	rotation={
		0.000 0.000 0.000 0.000 0.000 0.000 0.000 
	}
	height={
		0.000 0.000 1.000 0.000 0.000 0.000 0.000 
	}
}
#Coast of Karacakoy
153={
	position={
		655.000 1862.000 665.000 1856.000 655.000 1862.000 660.000 1867.000 655.000 1862.000 645.000 1868.000 655.000 1862.000 
	}
	rotation={
		0.000 0.000 0.000 0.000 0.000 0.000 0.000 
	}
	height={
		0.000 0.000 1.000 0.000 0.000 0.000 0.000 
	}
}
#Coast of Karacakoy
154={
	position={
		1068.000 1601.000 1078.000 1595.000 1068.000 1601.000 1073.000 1606.000 1068.000 1601.000 1058.000 1607.000 1068.000 1601.000 
	}
	rotation={
		0.000 0.000 0.000 0.000 0.000 0.000 0.000 
	}
	height={
		0.000 0.000 1.000 0.000 0.000 0.000 0.000 
	}
}
#Coast of Karaburun
155={
	position={
		1387.000 1453.000 1397.000 1447.000 1387.000 1453.000 1392.000 1458.000 1387.000 1453.000 1377.000 1459.000 1387.000 1453.000 
	}
	rotation={
		0.000 0.000 0.000 0.000 0.000 0.000 0.000 
	}
	height={
		0.000 0.000 1.000 0.000 0.000 0.000 0.000 
	}
}
#Coast of Agacli
156={
	position={
		1701.000 1341.000 1711.000 1335.000 1701.000 1341.000 1706.000 1346.000 1701.000 1341.000 1691.000 1347.000 1701.000 1341.000 
	}
	rotation={
		0.000 0.000 0.000 0.000 0.000 0.000 0.000 
	}
	height={
		0.000 0.000 1.000 0.000 0.000 0.000 0.000 
	}
}
#Coast of Kilyos
157={
	position={
		2012.000 1248.000 2022.000 1242.000 2012.000 1248.000 2017.000 1253.000 2012.000 1248.000 2002.000 1254.000 2012.000 1248.000 
	}
	rotation={
		0.000 0.000 0.000 0.000 0.000 0.000 0.000 
	}
	height={
		0.000 0.000 1.000 0.000 0.000 0.000 0.000 
	}
}
#Rumeli Feneri
158={
	position={
		2235.000 1155.000 2245.000 1149.000 2235.000 1155.000 2240.000 1160.000 2235.000 1155.000 2225.000 1161.000 2235.000 1155.000 
	}
	rotation={
		0.000 0.000 0.000 0.000 0.000 0.000 0.000 
	}
	height={
		0.000 0.000 1.000 0.000 0.000 0.000 0.000 
	}
}
#Anadolu Feneri
159={
	position={
		2317.000 1115.000 2327.000 1109.000 2317.000 1115.000 2322.000 1120.000 2317.000 1115.000 2307.000 1121.000 2317.000 1115.000 
	}
	rotation={
		0.000 0.000 0.000 0.000 0.000 0.000 0.000 
	}
	height={
		0.000 0.000 1.000 0.000 0.000 0.000 0.000 
	}
}
#Coast of Riva
160={
	position={
		2582.000 1114.000 2592.000 1108.000 2582.000 1114.000 2587.000 1119.000 2582.000 1114.000 2572.000 1120.000 2582.000 1114.000 
	}
	rotation={
		0.000 0.000 0.000 0.000 0.000 0.000 0.000 
	}
	height={
		0.000 0.000 1.000 0.000 0.000 0.000 0.000 
	}
}
#Coast of Sahilkoy
161={
	position={
		2940.000 1059.000 2950.000 1053.000 2940.000 1059.000 2945.000 1064.000 2940.000 1059.000 2930.000 1065.000 2940.000 1059.000 
	}
	rotation={
		0.000 0.000 0.000 0.000 0.000 0.000 0.000 
	}
	height={
		0.000 0.000 1.000 0.000 0.000 0.000 0.000 
	}
}
#Coast of Sile
162={
	position={
		3388.000 973.000 3398.000 967.000 3388.000 973.000 3393.000 978.000 3388.000 973.000 3378.000 979.000 3388.000 973.000 
	}
	rotation={
		0.000 0.000 0.000 0.000 0.000 0.000 0.000 
	}
	height={
		0.000 0.000 1.000 0.000 0.000 0.000 0.000 
	}
}
#Coast of Agva
163={
	position={
		3745.000 926.000 3755.000 920.000 3745.000 926.000 3750.000 931.000 3745.000 926.000 3735.000 932.000 3745.000 926.000 
	}
	rotation={
		0.000 0.000 0.000 0.000 0.000 0.000 0.000 
	}
	height={
		0.000 0.000 1.000 0.000 0.000 0.000 0.000 
	}
}
#Black Sea
164={
	position={
		1069.000 1703.000 1079.000 1697.000 1069.000 1703.000 1074.000 1708.000 1069.000 1703.000 1059.000 1709.000 1069.000 1703.000 
	}
	rotation={
		0.000 0.000 0.000 0.000 0.000 0.000 0.000 
	}
	height={
		0.000 0.000 1.000 0.000 0.000 0.000 0.000 
	}
}
#Black Sea
165={
	position={
		1375.000 1619.000 1385.000 1613.000 1375.000 1619.000 1380.000 1624.000 1375.000 1619.000 1365.000 1625.000 1375.000 1619.000 
	}
	rotation={
		0.000 0.000 0.000 0.000 0.000 0.000 0.000 
	}
	height={
		0.000 0.000 1.000 0.000 0.000 0.000 0.000 
	}
}
#Black Sea
166={
	position={
		1867.000 1840.000 1877.000 1834.000 1867.000 1840.000 1872.000 1845.000 1867.000 1840.000 1857.000 1846.000 1867.000 1840.000 
	}
	rotation={
		0.000 0.000 0.000 0.000 0.000 0.000 0.000 
	}
	height={
		0.000 0.000 1.000 0.000 0.000 0.000 0.000 
	}
}
#Black Sea
167={
	position={
		2035.000 1432.000 2045.000 1426.000 2035.000 1432.000 2040.000 1437.000 2035.000 1432.000 2025.000 1438.000 2035.000 1432.000 
	}
	rotation={
		0.000 0.000 0.000 0.000 0.000 0.000 0.000 
	}
	height={
		0.000 0.000 1.000 0.000 0.000 0.000 0.000 
	}
}
#Black Sea
168={
	position={
		2677.000 1624.000 2687.000 1618.000 2677.000 1624.000 2682.000 1629.000 2677.000 1624.000 2667.000 1630.000 2677.000 1624.000 
	}
	rotation={
		0.000 0.000 0.000 0.000 0.000 0.000 0.000 
	}
	height={
		0.000 0.000 1.000 0.000 0.000 0.000 0.000 
	}
}
#Black Sea
169={
	position={
		2760.000 1300.000 2770.000 1294.000 2760.000 1300.000 2765.000 1305.000 2760.000 1300.000 2750.000 1306.000 2760.000 1300.000 
	}
	rotation={
		0.000 0.000 0.000 0.000 0.000 0.000 0.000 
	}
	height={
		0.000 0.000 1.000 0.000 0.000 0.000 0.000 
	}
}
#Finistère
170={
	position={
		3369.000 1842.000 3379.000 1836.000 3369.000 1842.000 3374.000 1847.000 3369.000 1842.000 3359.000 1848.000 3369.000 1842.000 
	}
	rotation={
		0.000 0.000 0.000 0.000 0.000 0.000 0.000 
	}
	height={
		0.000 0.000 1.000 0.000 0.000 0.000 0.000 
	}
}
#Black Sea
171={
	position={
		3688.000 1879.000 3698.000 1873.000 3688.000 1879.000 3693.000 1884.000 3688.000 1879.000 3678.000 1885.000 3688.000 1879.000 
	}
	rotation={
		0.000 0.000 0.000 0.000 0.000 0.000 0.000 
	}
	height={
		0.000 0.000 1.000 0.000 0.000 0.000 0.000 
	}
}
#Black Sea
172={
	position={
		3152.000 1496.000 3162.000 1490.000 3152.000 1496.000 3157.000 1501.000 3152.000 1496.000 3142.000 1502.000 3152.000 1496.000 
	}
	rotation={
		0.000 0.000 0.000 0.000 0.000 0.000 0.000 
	}
	height={
		0.000 0.000 1.000 0.000 0.000 0.000 0.000 
	}
}
#Black Sea
173={
	position={
		2639.000 1907.000 2649.000 1901.000 2639.000 1907.000 2644.000 1912.000 2639.000 1907.000 2629.000 1913.000 2639.000 1907.000 
	}
	rotation={
		0.000 0.000 0.000 0.000 0.000 0.000 0.000 
	}
	height={
		0.000 0.000 1.000 0.000 0.000 0.000 0.000 
	}
}
#Ortamahalle
174={
	position={
		1835.000 608.000 1845.000 602.000 1835.000 608.000 1840.000 613.000 1835.000 608.000 1825.000 614.000 1835.000 608.000 
	}
	rotation={
		0.000 0.000 0.000 0.000 0.000 0.000 0.000 
	}
	height={
		0.000 0.000 1.000 0.000 0.000 0.000 0.000 
	}
}
#Yenidogan
175={
	position={
		1835.000 627.000 1845.000 621.000 1835.000 627.000 1840.000 632.000 1835.000 627.000 1825.000 633.000 1835.000 627.000 
	}
	rotation={
		0.000 0.000 0.000 0.000 0.000 0.000 0.000 
	}
	height={
		0.000 0.000 1.000 0.000 0.000 0.000 0.000 
	}
}
#Altintepsi
176={
	position={
		1802.000 626.000 1812.000 620.000 1802.000 626.000 1807.000 631.000 1802.000 626.000 1792.000 632.000 1802.000 626.000 
	}
	rotation={
		0.000 0.000 0.000 0.000 0.000 0.000 0.000 
	}
	height={
		0.000 0.000 1.000 0.000 0.000 0.000 0.000 
	}
}
#Vatan
177={
	position={
		1811.000 608.000 1821.000 602.000 1811.000 608.000 1816.000 613.000 1811.000 608.000 1801.000 614.000 1811.000 608.000 
	}
	rotation={
		0.000 0.000 0.000 0.000 0.000 0.000 0.000 
	}
	height={
		0.000 0.000 1.000 0.000 0.000 0.000 0.000 
	}
}
#Kocatepe
178={
	position={
		1796.000 652.000 1808.000 644.000 1796.000 652.000 1801.000 657.000 1796.000 652.000 1796.000 655.000 1796.000 652.000 
	}
	rotation={
		0.000 0.000 0.000 0.000 0.000 0.000 0.000 
	}
	height={
		0.000 0.000 1.000 0.000 0.000 0.000 0.000 
	}
}
#Ismetpasa
179={
	position={
		1823.000 647.000 1833.000 641.000 1823.000 647.000 1828.000 652.000 1823.000 647.000 1813.000 653.000 1823.000 647.000 
	}
	rotation={
		0.000 0.000 0.000 0.000 0.000 0.000 0.000 
	}
	height={
		0.000 0.000 1.000 0.000 0.000 0.000 0.000 
	}
}
#Kartaltepe
180={
	position={
		1813.000 669.000 1823.000 663.000 1813.000 669.000 1818.000 674.000 1813.000 669.000 1803.000 675.000 1813.000 669.000 
	}
	rotation={
		0.000 0.000 0.000 0.000 0.000 0.000 0.000 
	}
	height={
		0.000 0.000 1.000 0.000 0.000 0.000 0.000 
	}
}
#Ciftehavuzlar
181={
	position={
		1798.000 588.000 1808.000 582.000 1798.000 588.000 1803.000 593.000 1798.000 588.000 1788.000 594.000 1798.000 588.000 
	}
	rotation={
		0.000 0.000 0.000 0.000 0.000 0.000 0.000 
	}
	height={
		0.000 0.000 1.000 0.000 0.000 0.000 0.000 
	}
}
#Ninehatun
182={
	position={
		1779.000 618.000 1789.000 612.000 1779.000 618.000 1784.000 623.000 1779.000 618.000 1769.000 624.000 1779.000 618.000 
	}
	rotation={
		0.000 0.000 0.000 0.000 0.000 0.000 0.000 
	}
	height={
		0.000 0.000 1.000 0.000 0.000 0.000 0.000 
	}
}
#Menderes
183={
	position={
		1754.000 636.000 1764.000 630.000 1754.000 636.000 1759.000 641.000 1754.000 636.000 1744.000 642.000 1754.000 636.000 
	}
	rotation={
		0.000 0.000 0.000 0.000 0.000 0.000 0.000 
	}
	height={
		0.000 0.000 1.000 0.000 0.000 0.000 0.000 
	}
}
#Kemer
184={
	position={
		1773.000 655.000 1775.000 644.000 1773.000 655.000 1778.000 660.000 1773.000 655.000 1774.000 656.000 1773.000 655.000 
	}
	rotation={
		0.000 0.000 0.000 0.000 0.000 0.000 0.000 
	}
	height={
		0.000 0.000 1.000 0.000 0.000 0.000 0.000 
	}
}
#Tuna
185={
	position={
		1742.000 654.000 1744.000 650.000 1739.000 651.000 1744.000 656.000 1739.000 651.000 1741.000 654.000 1739.000 651.000 
	}
	rotation={
		0.000 0.000 0.000 0.000 0.000 0.000 0.000 
	}
	height={
		0.000 0.000 1.000 0.000 0.000 0.000 0.000 
	}
}
#Turgut Reis
186={
	position={
		1750.000 670.000 1760.000 664.000 1750.000 670.000 1755.000 675.000 1750.000 670.000 1749.000 674.000 1750.000 670.000 
	}
	rotation={
		0.000 0.000 0.000 0.000 0.000 0.000 0.000 
	}
	height={
		0.000 0.000 1.000 0.000 0.000 0.000 0.000 
	}
}
#Oruc Reis
187={
	position={
		1752.000 694.000 1765.000 689.000 1752.000 694.000 1757.000 699.000 1752.000 694.000 1754.000 700.000 1752.000 694.000 
	}
	rotation={
		0.000 0.000 0.000 0.000 0.000 0.000 0.000 
	}
	height={
		0.000 0.000 1.000 0.000 0.000 0.000 0.000 
	}
}
#Tozkoparan
188={
	position={
		1791.000 555.000 1794.000 544.000 1791.000 555.000 1796.000 560.000 1791.000 555.000 1788.000 556.000 1791.000 555.000 
	}
	rotation={
		0.000 0.000 0.000 0.000 0.000 0.000 0.000 
	}
	height={
		0.000 0.000 1.000 0.000 0.000 0.000 0.000 
	}
}
#Gencosman
189={
	position={
		1773.000 602.000 1783.000 596.000 1773.000 602.000 1778.000 607.000 1773.000 602.000 1763.000 608.000 1773.000 602.000 
	}
	rotation={
		0.000 0.000 0.000 0.000 0.000 0.000 0.000 
	}
	height={
		0.000 0.000 1.000 0.000 0.000 0.000 0.000 
	}
}
#Günestepe
190={
	position={
		1742.000 593.000 1751.000 594.000 1742.000 593.000 1747.000 598.000 1742.000 593.000 1742.000 595.000 1742.000 593.000 
	}
	rotation={
		0.000 0.000 0.000 0.000 0.000 0.000 0.000 
	}
	height={
		0.000 0.000 1.000 0.000 0.000 0.000 0.000 
	}
}
#Akincilar
191={
	position={
		1745.000 572.000 1755.000 566.000 1745.000 572.000 1750.000 577.000 1745.000 572.000 1735.000 578.000 1745.000 572.000 
	}
	rotation={
		0.000 0.000 0.000 0.000 0.000 0.000 0.000 
	}
	height={
		0.000 0.000 1.000 0.000 0.000 0.000 0.000 
	}
}
#Haznedar
192={
	position={
		1758.000 559.000 1768.000 553.000 1758.000 559.000 1763.000 564.000 1758.000 559.000 1748.000 565.000 1758.000 559.000 
	}
	rotation={
		0.000 0.000 0.000 0.000 0.000 0.000 0.000 
	}
	height={
		0.000 0.000 1.000 0.000 0.000 0.000 0.000 
	}
}
#Yenibosna
193={
	position={
		1653.000 571.000 1663.000 565.000 1653.000 571.000 1658.000 576.000 1653.000 571.000 1643.000 577.000 1653.000 571.000 
	}
	rotation={
		0.000 0.000 0.000 0.000 0.000 0.000 0.000 
	}
	height={
		0.000 0.000 1.000 0.000 0.000 0.000 0.000 
	}
}
#Cobancesme
194={
	position={
		1671.000 528.000 1681.000 519.000 1671.000 528.000 1676.000 533.000 1671.000 528.000 1674.000 530.000 1671.000 528.000 
	}
	rotation={
		0.000 0.000 0.000 0.000 0.000 0.000 0.000 
	}
	height={
		0.000 0.000 1.000 0.000 0.000 0.000 0.000 
	}
}
#South Yenibosna
195={
	position={
		1651.000 529.000 1655.000 526.000 1648.000 538.000 1653.000 543.000 1648.000 538.000 1649.000 540.000 1648.000 538.000 
	}
	rotation={
		0.000 0.000 0.000 0.000 0.000 0.000 0.000 
	}
	height={
		0.000 0.000 1.000 0.000 0.000 0.000 0.000 
	}
}
#Sirinevler
196={
	position={
		1698.000 529.000 1708.000 523.000 1698.000 529.000 1703.000 534.000 1698.000 529.000 1698.000 528.000 1698.000 529.000 
	}
	rotation={
		0.000 0.000 0.000 0.000 0.000 0.000 0.000 
	}
	height={
		0.000 0.000 1.000 0.000 0.000 0.000 0.000 
	}
}
#Kocasinan
197={
	position={
		1696.000 569.000 1706.000 563.000 1696.000 569.000 1701.000 574.000 1696.000 569.000 1697.000 573.000 1696.000 569.000 
	}
	rotation={
		0.000 0.000 0.000 0.000 0.000 0.000 0.000 
	}
	height={
		0.000 0.000 1.000 0.000 0.000 0.000 0.000 
	}
}
#Soganli
198={
	position={
		1723.000 558.000 1733.000 552.000 1723.000 558.000 1728.000 563.000 1723.000 558.000 1722.000 561.000 1723.000 558.000 
	}
	rotation={
		0.000 0.000 0.000 0.000 0.000 0.000 0.000 
	}
	height={
		0.000 0.000 1.000 0.000 0.000 0.000 0.000 
	}
}
#Siyavuspasa
199={
	position={
		1727.000 529.000 1732.000 527.000 1727.000 529.000 1732.000 534.000 1727.000 529.000 1727.000 532.000 1727.000 529.000 
	}
	rotation={
		0.000 0.000 0.000 0.000 0.000 0.000 0.000 
	}
	height={
		0.000 0.000 1.000 0.000 0.000 0.000 0.000 
	}
}
#Baglar
200={
	position={
		1659.000 595.000 1669.000 589.000 1659.000 595.000 1664.000 600.000 1659.000 595.000 1649.000 601.000 1659.000 595.000 
	}
	rotation={
		0.000 0.000 0.000 0.000 0.000 0.000 0.000 
	}
	height={
		0.000 0.000 1.000 0.000 0.000 0.000 0.000 
	}
}
#Evren
201={
	position={
		1648.000 626.000 1658.000 620.000 1648.000 626.000 1653.000 631.000 1648.000 626.000 1646.000 633.000 1648.000 626.000 
	}
	rotation={
		0.000 0.000 0.000 0.000 0.000 0.000 0.000 
	}
	height={
		0.000 0.000 1.000 0.000 0.000 0.000 0.000 
	}
}
#Mahmutbey
202={
	position={
		1658.000 673.000 1668.000 667.000 1658.000 673.000 1663.000 678.000 1658.000 673.000 1648.000 679.000 1658.000 673.000 
	}
	rotation={
		0.000 0.000 0.000 0.000 0.000 0.000 0.000 
	}
	height={
		0.000 0.000 1.000 0.000 0.000 0.000 0.000 
	}
}
#Goztepe
203={
	position={
		1694.000 675.000 1704.000 669.000 1694.000 675.000 1699.000 680.000 1694.000 675.000 1693.000 680.000 1694.000 675.000 
	}
	rotation={
		0.000 0.000 0.000 0.000 0.000 0.000 0.000 
	}
	height={
		0.000 0.000 1.000 0.000 0.000 0.000 0.000 
	}
}
#Yildiztepe
204={
	position={
		1724.000 586.000 1734.000 580.000 1724.000 586.000 1729.000 591.000 1724.000 586.000 1725.000 589.000 1724.000 586.000 
	}
	rotation={
		0.000 0.000 0.000 0.000 0.000 0.000 0.000 
	}
	height={
		0.000 0.000 1.000 0.000 0.000 0.000 0.000 
	}
}
#Hurriyet
205={
	position={
		1687.000 593.000 1697.000 587.000 1687.000 593.000 1692.000 598.000 1687.000 593.000 1677.000 599.000 1687.000 593.000 
	}
	rotation={
		0.000 0.000 0.000 0.000 0.000 0.000 0.000 
	}
	height={
		0.000 0.000 1.000 0.000 0.000 0.000 0.000 
	}
}
#Kirazli
206={
	position={
		1701.000 606.000 1711.000 600.000 1701.000 606.000 1706.000 611.000 1701.000 606.000 1691.000 612.000 1701.000 606.000 
	}
	rotation={
		0.000 0.000 0.000 0.000 0.000 0.000 0.000 
	}
	height={
		0.000 0.000 1.000 0.000 0.000 0.000 0.000 
	}
}
#Gunesli
207={
	position={
		1674.000 618.000 1684.000 612.000 1674.000 618.000 1679.000 623.000 1674.000 618.000 1664.000 624.000 1674.000 618.000 
	}
	rotation={
		0.000 0.000 0.000 0.000 0.000 0.000 0.000 
	}
	height={
		0.000 0.000 1.000 0.000 0.000 0.000 0.000 
	}
}
#Yenimahalle
208={
	position={
		1687.000 638.000 1697.000 632.000 1687.000 638.000 1692.000 643.000 1687.000 638.000 1677.000 644.000 1687.000 638.000 
	}
	rotation={
		0.000 0.000 0.000 0.000 0.000 0.000 0.000 
	}
	height={
		0.000 0.000 1.000 0.000 0.000 0.000 0.000 
	}
}
#Kemalpasa
209={
	position={
		1721.000 676.000 1720.000 669.000 1721.000 675.000 1726.000 680.000 1721.000 675.000 1719.000 683.000 1721.000 675.000 
	}
	rotation={
		0.000 0.000 0.000 0.000 0.000 0.000 0.000 
	}
	height={
		0.000 0.000 1.000 0.000 0.000 0.000 0.000 
	}
}
#Demirkapi
210={
	position={
		1706.000 649.000 1716.000 643.000 1706.000 649.000 1711.000 654.000 1706.000 649.000 1696.000 655.000 1706.000 649.000 
	}
	rotation={
		0.000 0.000 0.000 0.000 0.000 0.000 0.000 
	}
	height={
		0.000 0.000 1.000 0.000 0.000 0.000 0.000 
	}
}
#Cinar
211={
	position={
		1742.000 623.000 1752.000 617.000 1742.000 623.000 1747.000 628.000 1742.000 623.000 1732.000 629.000 1742.000 623.000 
	}
	rotation={
		0.000 0.000 0.000 0.000 0.000 0.000 0.000 
	}
	height={
		0.000 0.000 1.000 0.000 0.000 0.000 0.000 
	}
}
#Sancaktepe
212={
	position={
		1721.000 626.000 1724.000 620.000 1721.000 626.000 1726.000 631.000 1721.000 626.000 1719.000 630.000 1721.000 626.000 
	}
	rotation={
		0.000 0.000 0.000 0.000 0.000 0.000 0.000 
	}
	height={
		0.000 0.000 1.000 0.000 0.000 0.000 0.000 
	}
}
#Defterdar
213={
	position={
		1880.000 610.000 1884.000 612.000 1880.000 610.000 1885.000 615.000 1882.000 609.000 1878.000 613.000 1880.000 610.000 
	}
	rotation={
		0.000 0.000 0.000 0.000 0.000 0.000 0.000 
	}
	height={
		0.000 0.000 1.000 0.000 0.000 0.000 0.000 
	}
}
#Topcular
214={
	position={
		1858.000 611.000 1868.000 598.000 1858.000 611.000 1863.000 616.000 1858.000 611.000 1860.000 606.000 1858.000 611.000 
	}
	rotation={
		0.000 0.000 0.000 0.000 0.000 0.000 0.000 
	}
	height={
		0.000 0.000 1.000 0.000 0.000 0.000 0.000 
	}
}
#Rami
215={
	position={
		1854.000 650.000 1862.000 646.000 1854.000 650.000 1859.000 655.000 1854.000 650.000 1857.000 652.000 1854.000 650.000 
	}
	rotation={
		0.000 0.000 0.000 0.000 0.000 0.000 0.000 
	}
	height={
		0.000 0.000 1.000 0.000 0.000 0.000 0.000 
	}
}
#Nisanca
216={
	position={
		1868.000 625.000 1875.000 623.000 1868.000 625.000 1873.000 630.000 1868.000 625.000 1867.000 627.000 1868.000 625.000 
	}
	rotation={
		0.000 0.000 0.000 0.000 0.000 0.000 0.000 
	}
	height={
		0.000 0.000 1.000 0.000 0.000 0.000 0.000 
	}
}
#Silahtaraga
217={
	position={
		1887.000 706.000 1897.000 700.000 1887.000 706.000 1892.000 711.000 1887.000 706.000 1877.000 712.000 1887.000 706.000 
	}
	rotation={
		0.000 0.000 0.000 0.000 0.000 0.000 0.000 
	}
	height={
		0.000 0.000 1.000 0.000 0.000 0.000 0.000 
	}
}
#Emniyettepe
218={
	position={
		1915.000 715.000 1925.000 709.000 1915.000 715.000 1920.000 720.000 1915.000 715.000 1905.000 721.000 1915.000 715.000 
	}
	rotation={
		0.000 0.000 0.000 0.000 0.000 0.000 0.000 
	}
	height={
		0.000 0.000 1.000 0.000 0.000 0.000 0.000 
	}
}
#Esentepe
219={
	position={
		1875.000 715.000 1885.000 709.000 1875.000 715.000 1880.000 720.000 1875.000 715.000 1865.000 721.000 1875.000 715.000 
	}
	rotation={
		0.000 0.000 0.000 0.000 0.000 0.000 0.000 
	}
	height={
		0.000 0.000 1.000 0.000 0.000 0.000 0.000 
	}
}
#Yesilpinar
220={
	position={
		1854.000 714.000 1864.000 708.000 1854.000 714.000 1859.000 719.000 1854.000 714.000 1844.000 720.000 1854.000 714.000 
	}
	rotation={
		0.000 0.000 0.000 0.000 0.000 0.000 0.000 
	}
	height={
		0.000 0.000 1.000 0.000 0.000 0.000 0.000 
	}
}
#Aksemsettin
221={
	position={
		1864.000 745.000 1874.000 739.000 1864.000 745.000 1869.000 750.000 1864.000 745.000 1854.000 751.000 1864.000 745.000 
	}
	rotation={
		0.000 0.000 0.000 0.000 0.000 0.000 0.000 
	}
	height={
		0.000 0.000 1.000 0.000 0.000 0.000 0.000 
	}
}
#Circir
222={
	position={
		1883.000 738.000 1893.000 732.000 1883.000 738.000 1888.000 743.000 1883.000 738.000 1873.000 744.000 1883.000 738.000 
	}
	rotation={
		0.000 0.000 0.000 0.000 0.000 0.000 0.000 
	}
	height={
		0.000 0.000 1.000 0.000 0.000 0.000 0.000 
	}
}
#Guzeltepe
223={
	position={
		1891.000 784.000 1901.000 778.000 1891.000 784.000 1896.000 789.000 1891.000 784.000 1881.000 790.000 1891.000 784.000 
	}
	rotation={
		0.000 0.000 0.000 0.000 0.000 0.000 0.000 
	}
	height={
		0.000 0.000 1.000 0.000 0.000 0.000 0.000 
	}
}
#Mimarsinan
224={
	position={
		1900.000 893.000 1910.000 887.000 1900.000 893.000 1905.000 898.000 1900.000 893.000 1890.000 899.000 1900.000 893.000 
	}
	rotation={
		0.000 0.000 0.000 0.000 0.000 0.000 0.000 
	}
	height={
		0.000 0.000 1.000 0.000 0.000 0.000 0.000 
	}
}
#South Mimarsinan
225={
	position={
		1919.000 822.000 1929.000 816.000 1919.000 822.000 1924.000 827.000 1919.000 822.000 1909.000 828.000 1919.000 822.000 
	}
	rotation={
		0.000 0.000 0.000 0.000 0.000 0.000 0.000 
	}
	height={
		0.000 0.000 1.000 0.000 0.000 0.000 0.000 
	}
}
#South Mithatpasa
226={
	position={
		1863.000 834.000 1873.000 828.000 1863.000 834.000 1868.000 839.000 1863.000 834.000 1853.000 840.000 1863.000 834.000 
	}
	rotation={
		0.000 0.000 0.000 0.000 0.000 0.000 0.000 
	}
	height={
		0.000 0.000 1.000 0.000 0.000 0.000 0.000 
	}
}
#Göktürk
227={
	position={
		1782.000 994.000 1792.000 988.000 1782.000 994.000 1787.000 999.000 1782.000 994.000 1772.000 1000.000 1782.000 994.000 
	}
	rotation={
		0.000 0.000 0.000 0.000 0.000 0.000 0.000 
	}
	height={
		0.000 0.000 1.000 0.000 0.000 0.000 0.000 
	}
}
#South Göktürk
228={
	position={
		1803.000 924.000 1813.000 918.000 1803.000 924.000 1808.000 929.000 1803.000 924.000 1793.000 930.000 1803.000 924.000 
	}
	rotation={
		0.000 0.000 0.000 0.000 0.000 0.000 0.000 
	}
	height={
		0.000 0.000 1.000 0.000 0.000 0.000 0.000 
	}
}
#North Gökturk
229={
	position={
		1769.000 1063.000 1779.000 1057.000 1769.000 1063.000 1774.000 1068.000 1769.000 1063.000 1759.000 1069.000 1769.000 1063.000 
	}
	rotation={
		0.000 0.000 0.000 0.000 0.000 0.000 0.000 
	}
	height={
		0.000 0.000 1.000 0.000 0.000 0.000 0.000 
	}
}
#Odayeri
230={
	position={
		1761.000 1105.000 1771.000 1099.000 1761.000 1105.000 1766.000 1110.000 1761.000 1105.000 1751.000 1111.000 1761.000 1105.000 
	}
	rotation={
		0.000 0.000 0.000 0.000 0.000 0.000 0.000 
	}
	height={
		0.000 0.000 1.000 0.000 0.000 0.000 0.000 
	}
}
#North Güzeltepe
231={
	position={
		1826.000 889.000 1836.000 883.000 1826.000 889.000 1831.000 894.000 1826.000 889.000 1816.000 895.000 1826.000 889.000 
	}
	rotation={
		0.000 0.000 0.000 0.000 0.000 0.000 0.000 
	}
	height={
		0.000 0.000 1.000 0.000 0.000 0.000 0.000 
	}
}
#North Odayeri
232={
	position={
		1756.000 1147.000 1766.000 1141.000 1756.000 1147.000 1761.000 1152.000 1756.000 1147.000 1746.000 1153.000 1756.000 1147.000 
	}
	rotation={
		0.000 0.000 0.000 0.000 0.000 0.000 0.000 
	}
	height={
		0.000 0.000 1.000 0.000 0.000 0.000 0.000 
	}
}
#Agacli
233={
	position={
		1770.000 1233.000 1780.000 1227.000 1770.000 1233.000 1775.000 1238.000 1770.000 1233.000 1760.000 1239.000 1770.000 1233.000 
	}
	rotation={
		0.000 0.000 0.000 0.000 0.000 0.000 0.000 
	}
	height={
		0.000 0.000 1.000 0.000 0.000 0.000 0.000 
	}
}
#South Agacli
234={
	position={
		1754.000 1199.000 1764.000 1193.000 1754.000 1199.000 1759.000 1204.000 1754.000 1199.000 1744.000 1205.000 1754.000 1199.000 
	}
	rotation={
		0.000 0.000 0.000 0.000 0.000 0.000 0.000 
	}
	height={
		0.000 0.000 1.000 0.000 0.000 0.000 0.000 
	}
}
#Akpinar
235={
	position={
		1682.000 1272.000 1692.000 1266.000 1682.000 1272.000 1687.000 1277.000 1682.000 1272.000 1672.000 1278.000 1682.000 1272.000 
	}
	rotation={
		0.000 0.000 0.000 0.000 0.000 0.000 0.000 
	}
	height={
		0.000 0.000 1.000 0.000 0.000 0.000 0.000 
	}
}
#Ciftalan
236={
	position={
		1867.000 1205.000 1877.000 1199.000 1867.000 1205.000 1872.000 1210.000 1867.000 1205.000 1857.000 1211.000 1867.000 1205.000 
	}
	rotation={
		0.000 0.000 0.000 0.000 0.000 0.000 0.000 
	}
	height={
		0.000 0.000 1.000 0.000 0.000 0.000 0.000 
	}
}
#Pirincci
237={
	position={
		1716.000 983.000 1726.000 977.000 1716.000 983.000 1721.000 988.000 1716.000 983.000 1706.000 989.000 1716.000 983.000 
	}
	rotation={
		0.000 0.000 0.000 0.000 0.000 0.000 0.000 
	}
	height={
		0.000 0.000 1.000 0.000 0.000 0.000 0.000 
	}
}
#Ihsaniye
238={
	position={
		1664.000 1190.000 1674.000 1184.000 1664.000 1190.000 1669.000 1195.000 1664.000 1190.000 1654.000 1196.000 1664.000 1190.000 
	}
	rotation={
		0.000 0.000 0.000 0.000 0.000 0.000 0.000 
	}
	height={
		0.000 0.000 1.000 0.000 0.000 0.000 0.000 
	}
}
#Halicioglu
239={
	position={
		1904.000 648.000 1914.000 642.000 1904.000 648.000 1900.000 637.000 1904.000 648.000 1905.000 649.000 1904.000 648.000 
	}
	rotation={
		0.000 0.000 0.000 0.000 0.000 0.000 0.000 
	}
	height={
		0.000 0.000 1.000 0.000 0.000 0.000 0.000 
	}
}
#Piyalepasa
240={
	position={
		1929.000 643.000 1939.000 638.000 1929.000 643.000 1934.000 648.000 1929.000 643.000 1927.000 643.000 1929.000 643.000 
	}
	rotation={
		0.000 0.000 0.000 0.000 0.000 0.000 0.000 
	}
	height={
		0.000 0.000 1.000 0.000 0.000 0.000 0.000 
	}
}
#Piripasa
241={
	position={
		1912.000 632.000 1918.000 630.000 1912.000 632.000 1909.000 628.000 1912.000 632.000 1912.000 634.000 1912.000 632.000 
	}
	rotation={
		0.000 0.000 0.000 0.000 0.000 0.000 0.000 
	}
	height={
		0.000 0.000 1.000 0.000 0.000 0.000 0.000 
	}
}
#Kaptanpasa
242={
	position={
		1935.000 626.000 1937.000 622.000 1935.000 626.000 1940.000 631.000 1935.000 626.000 1934.000 626.000 1935.000 626.000 
	}
	rotation={
		0.000 0.000 0.000 0.000 0.000 0.000 0.000 
	}
	height={
		0.000 0.000 1.000 0.000 0.000 0.000 0.000 
	}
}
#Ornektepe
243={
	position={
		1914.000 667.000 1921.000 658.000 1914.000 667.000 1906.000 676.000 1914.000 667.000 1914.000 665.000 1914.000 667.000 
	}
	rotation={
		0.000 0.000 0.000 -4.712 0.000 0.000 0.000 
	}
	height={
		0.000 0.000 1.000 0.000 0.000 0.000 0.000 
	}
}
#Kececipiri
244={
	position={
		1921.000 620.000 1929.000 619.000 1921.000 620.000 1926.000 625.000 1921.000 620.000 1923.000 622.000 1921.000 620.000 
	}
	rotation={
		0.000 0.000 0.000 0.000 0.000 0.000 0.000 
	}
	height={
		0.000 0.000 1.000 0.000 0.000 0.000 0.000 
	}
}
#Haciahmet
245={
	position={
		1958.000 628.000 1968.000 622.000 1958.000 628.000 1963.000 633.000 1958.000 628.000 1948.000 634.000 1958.000 628.000 
	}
	rotation={
		0.000 0.000 0.000 0.000 0.000 0.000 0.000 
	}
	height={
		0.000 0.000 1.000 0.000 0.000 0.000 0.000 
	}
}
#?stiklal
246={
	position={
		1946.000 623.000 1950.000 624.000 1946.000 623.000 1951.000 628.000 1946.000 623.000 1945.000 624.000 1946.000 623.000 
	}
	rotation={
		0.000 0.000 0.000 0.000 0.000 0.000 0.000 
	}
	height={
		0.000 0.000 1.000 0.000 0.000 0.000 0.000 
	}
}
#Camikebir
247={
	position={
		1937.000 610.000 1947.000 604.000 1937.000 610.000 1935.000 606.000 1937.000 610.000 1937.000 611.000 1937.000 610.000 
	}
	rotation={
		0.000 0.000 0.000 0.436 0.000 0.000 0.000 
	}
	height={
		0.000 0.000 1.000 0.000 0.000 0.000 0.000 
	}
}
#Karaköy
248={
	position={
		1953.000 583.000 1962.000 583.000 1953.000 583.000 1958.000 579.000 1955.000 582.000 1953.000 584.000 1953.000 583.000 
	}
	rotation={
		0.000 0.000 0.000 0.000 0.000 0.000 0.000 
	}
	height={
		0.000 0.000 1.000 0.000 0.000 0.000 0.000 
	}
}
#Bedrettin
249={
	position={
		1946.000 597.000 1948.000 592.000 1946.000 597.000 1944.000 594.000 1946.000 597.000 1946.000 601.000 1946.000 597.000 
	}
	rotation={
		0.000 0.000 0.000 1.571 0.000 0.000 0.000 
	}
	height={
		0.000 0.000 1.000 0.000 0.000 0.000 0.000 
	}
}
#Kemankes Kara Mustafa Pasa
250={
	position={
		1971.000 590.000 1978.000 594.000 1971.000 590.000 1976.000 595.000 1971.000 590.000 1973.000 593.000 1971.000 590.000 
	}
	rotation={
		0.000 0.000 0.000 0.000 0.000 0.000 0.000 
	}
	height={
		0.000 0.000 1.000 0.000 0.000 0.000 0.000 
	}
}
#Gumussuyu
251={
	position={
		1988.000 615.000 1994.000 614.000 1988.000 615.000 1995.000 611.000 1988.000 615.000 1986.000 616.000 1988.000 615.000 
	}
	rotation={
		0.000 0.000 0.000 -0.785 0.000 0.000 0.000 
	}
	height={
		0.000 0.000 1.000 0.000 0.000 0.000 0.000 
	}
}
#Cihangir
252={
	position={
		1980.000 603.000 1985.000 604.000 1980.000 603.000 1982.000 601.000 1980.000 603.000 1979.000 604.000 1980.000 603.000 
	}
	rotation={
		0.000 0.000 0.000 0.000 0.000 0.000 0.000 
	}
	height={
		0.000 0.000 1.000 0.000 0.000 0.000 0.000 
	}
}
#Bereketzade
253={
	position={
		1958.000 593.000 1966.000 593.000 1958.000 593.000 1963.000 598.000 1958.000 593.000 1956.000 597.000 1958.000 593.000 
	}
	rotation={
		0.000 0.000 0.000 0.000 0.000 0.000 0.000 
	}
	height={
		0.000 0.000 1.000 0.000 0.000 0.000 0.000 
	}
}
#Kamerhatun
254={
	position={
		1955.000 610.000 1965.000 604.000 1955.000 610.000 1960.000 615.000 1955.000 610.000 1945.000 616.000 1955.000 610.000 
	}
	rotation={
		0.000 0.000 0.000 0.000 0.000 0.000 0.000 
	}
	height={
		0.000 0.000 1.000 0.000 0.000 0.000 0.000 
	}
}
#Tarlabasi
255={
	position={
		1968.000 604.000 1978.000 598.000 1968.000 604.000 1973.000 609.000 1968.000 604.000 1958.000 610.000 1968.000 604.000 
	}
	rotation={
		0.000 0.000 0.000 0.000 0.000 0.000 0.000 
	}
	height={
		0.000 0.000 1.000 0.000 0.000 0.000 0.000 
	}
}
#Visnezade
256={
	position={
		2004.000 624.000 2007.000 623.000 2004.000 624.000 2009.000 629.000 2004.000 624.000 2004.000 627.000 2004.000 624.000 
	}
	rotation={
		0.000 0.000 0.000 0.000 0.000 0.000 0.000 
	}
	height={
		0.000 0.000 1.000 0.000 0.000 0.000 0.000 
	}
}
#Sinanpasa
257={
	position={
		2020.000 631.000 2030.000 625.000 2020.000 631.000 2025.000 636.000 2020.000 631.000 2010.000 637.000 2020.000 631.000 
	}
	rotation={
		0.000 0.000 0.000 0.000 0.000 0.000 0.000 
	}
	height={
		0.000 0.000 1.000 0.000 0.000 0.000 0.000 
	}
}
#Yildiz
258={
	position={
		2036.000 641.000 2043.000 640.000 2036.000 641.000 2043.000 635.000 2036.000 641.000 2034.000 645.000 2036.000 641.000 
	}
	rotation={
		0.000 0.000 0.000 0.000 0.000 0.000 0.000 
	}
	height={
		0.000 0.000 1.000 0.000 0.000 0.000 0.000 
	}
}
#Bebek
259={
	position={
		2092.000 723.000 2102.000 717.000 2092.000 723.000 2097.000 728.000 2092.000 723.000 2082.000 729.000 2092.000 723.000 
	}
	rotation={
		0.000 0.000 0.000 0.000 0.000 0.000 0.000 
	}
	height={
		0.000 0.000 1.000 0.000 0.000 0.000 0.000 
	}
}
#Etiler
260={
	position={
		2078.000 737.000 2088.000 731.000 2078.000 737.000 2083.000 742.000 2078.000 737.000 2068.000 743.000 2078.000 737.000 
	}
	rotation={
		0.000 0.000 0.000 0.000 0.000 0.000 0.000 
	}
	height={
		0.000 0.000 1.000 0.000 0.000 0.000 0.000 
	}
}
#Konaklar
261={
	position={
		2035.000 765.000 2045.000 759.000 2035.000 765.000 2040.000 770.000 2035.000 765.000 2025.000 771.000 2035.000 765.000 
	}
	rotation={
		0.000 0.000 0.000 0.000 0.000 0.000 0.000 
	}
	height={
		0.000 0.000 1.000 0.000 0.000 0.000 0.000 
	}
}
#Akat
262={
	position={
		2059.000 753.000 2069.000 747.000 2059.000 753.000 2064.000 758.000 2059.000 753.000 2049.000 759.000 2059.000 753.000 
	}
	rotation={
		0.000 0.000 0.000 0.000 0.000 0.000 0.000 
	}
	height={
		0.000 0.000 1.000 0.000 0.000 0.000 0.000 
	}
}
#Levent
263={
	position={
		2041.000 730.000 2051.000 724.000 2041.000 730.000 2046.000 735.000 2041.000 730.000 2031.000 736.000 2041.000 730.000 
	}
	rotation={
		0.000 0.000 0.000 0.000 0.000 0.000 0.000 
	}
	height={
		0.000 0.000 1.000 0.000 0.000 0.000 0.000 
	}
}
#Gayrettepe
264={
	position={
		2021.000 675.000 2026.000 667.000 2021.000 675.000 2026.000 680.000 2021.000 675.000 2023.000 671.000 2021.000 675.000 
	}
	rotation={
		0.000 0.000 0.000 0.000 0.000 0.000 0.000 
	}
	height={
		0.000 0.000 1.000 0.000 0.000 0.000 0.000 
	}
}
#Dikilitas
265={
	position={
		2016.000 657.000 2020.000 655.000 2021.000 654.000 2021.000 662.000 2016.000 657.000 2016.000 660.000 2016.000 657.000 
	}
	rotation={
		0.000 0.000 0.000 0.000 0.000 0.000 0.000 
	}
	height={
		0.000 0.000 1.000 0.000 0.000 0.000 0.000 
	}
}
#Ortaköy
266={
	position={
		2061.000 659.000 2071.000 653.000 2061.000 659.000 2066.000 664.000 2061.000 659.000 2051.000 665.000 2061.000 659.000 
	}
	rotation={
		0.000 0.000 0.000 0.000 0.000 0.000 0.000 
	}
	height={
		0.000 0.000 1.000 0.000 0.000 0.000 0.000 
	}
}
#Balmumcu
267={
	position={
		2039.000 669.000 2049.000 663.000 2039.000 669.000 2044.000 674.000 2039.000 669.000 2029.000 675.000 2039.000 669.000 
	}
	rotation={
		0.000 0.000 0.000 0.000 0.000 0.000 0.000 
	}
	height={
		0.000 0.000 1.000 0.000 0.000 0.000 0.000 
	}
}
#Mecidiye
268={
	position={
		2042.000 651.000 2052.000 645.000 2042.000 651.000 2047.000 656.000 2042.000 651.000 2032.000 657.000 2042.000 651.000 
	}
	rotation={
		0.000 0.000 0.000 0.000 0.000 0.000 0.000 
	}
	height={
		0.000 0.000 1.000 0.000 0.000 0.000 0.000 
	}
}
#Kurucesme
269={
	position={
		2075.000 677.000 2085.000 671.000 2075.000 677.000 2080.000 682.000 2075.000 677.000 2065.000 683.000 2075.000 677.000 
	}
	rotation={
		0.000 0.000 0.000 0.000 0.000 0.000 0.000 
	}
	height={
		0.000 0.000 1.000 0.000 0.000 0.000 0.000 
	}
}
#Arnavutkoy
270={
	position={
		2087.000 699.000 2097.000 693.000 2087.000 699.000 2092.000 704.000 2087.000 699.000 2077.000 705.000 2087.000 699.000 
	}
	rotation={
		0.000 0.000 0.000 0.000 0.000 0.000 0.000 
	}
	height={
		0.000 0.000 1.000 0.000 0.000 0.000 0.000 
	}
}
#Kultur
271={
	position={
		2069.000 704.000 2079.000 698.000 2069.000 704.000 2074.000 709.000 2069.000 704.000 2059.000 710.000 2069.000 704.000 
	}
	rotation={
		0.000 0.000 0.000 0.000 0.000 0.000 0.000 
	}
	height={
		0.000 0.000 1.000 0.000 0.000 0.000 0.000 
	}
}
#Nispetiye
272={
	position={
		2052.000 706.000 2062.000 700.000 2052.000 706.000 2057.000 711.000 2052.000 706.000 2042.000 712.000 2052.000 706.000 
	}
	rotation={
		0.000 0.000 0.000 0.000 0.000 0.000 0.000 
	}
	height={
		0.000 0.000 1.000 0.000 0.000 0.000 0.000 
	}
}
#Ulus
273={
	position={
		2053.000 681.000 2063.000 675.000 2053.000 681.000 2058.000 686.000 2053.000 681.000 2043.000 687.000 2053.000 681.000 
	}
	rotation={
		0.000 0.000 0.000 0.000 0.000 0.000 0.000 
	}
	height={
		0.000 0.000 1.000 0.000 0.000 0.000 0.000 
	}
}
#Esentepe
274={
	position={
		2025.000 706.000 2035.000 700.000 2025.000 706.000 2030.000 711.000 2025.000 706.000 2015.000 712.000 2025.000 706.000 
	}
	rotation={
		0.000 0.000 0.000 0.000 0.000 0.000 0.000 
	}
	height={
		0.000 0.000 1.000 0.000 0.000 0.000 0.000 
	}
}
#Mecidiyeköy
275={
	position={
		2001.000 699.000 2011.000 693.000 2001.000 699.000 2006.000 704.000 2001.000 699.000 1991.000 705.000 2001.000 699.000 
	}
	rotation={
		0.000 0.000 0.000 0.000 0.000 0.000 0.000 
	}
	height={
		0.000 0.000 1.000 0.000 0.000 0.000 0.000 
	}
}
#Izzetpasa
276={
	position={
		1981.000 697.000 1991.000 691.000 1981.000 697.000 1986.000 702.000 1981.000 697.000 1971.000 703.000 1981.000 697.000 
	}
	rotation={
		0.000 0.000 0.000 0.000 0.000 0.000 0.000 
	}
	height={
		0.000 0.000 1.000 0.000 0.000 0.000 0.000 
	}
}
#Fulya
277={
	position={
		2003.000 676.000 2013.000 670.000 2003.000 676.000 2008.000 681.000 2003.000 676.000 1993.000 682.000 2003.000 676.000 
	}
	rotation={
		0.000 0.000 0.000 0.000 0.000 0.000 0.000 
	}
	height={
		0.000 0.000 1.000 0.000 0.000 0.000 0.000 
	}
}
#Feriköy
278={
	position={
		1966.000 641.000 1976.000 635.000 1966.000 641.000 1971.000 646.000 1966.000 641.000 1956.000 647.000 1966.000 641.000 
	}
	rotation={
		0.000 0.000 0.000 0.000 0.000 0.000 0.000 
	}
	height={
		0.000 0.000 1.000 0.000 0.000 0.000 0.000 
	}
}
#Mahmut Sevket Pasa
279={
	position={
		1942.000 665.000 1952.000 659.000 1942.000 665.000 1947.000 670.000 1942.000 665.000 1932.000 671.000 1942.000 665.000 
	}
	rotation={
		0.000 0.000 0.000 0.000 0.000 0.000 0.000 
	}
	height={
		0.000 0.000 1.000 0.000 0.000 0.000 0.000 
	}
}
#Pasa
280={
	position={
		1953.000 652.000 1963.000 646.000 1953.000 652.000 1958.000 657.000 1953.000 652.000 1943.000 658.000 1953.000 652.000 
	}
	rotation={
		0.000 0.000 0.000 0.000 0.000 0.000 0.000 
	}
	height={
		0.000 0.000 1.000 0.000 0.000 0.000 0.000 
	}
}
#Harbiye
281={
	position={
		1988.000 635.000 1998.000 629.000 1988.000 635.000 1993.000 640.000 1988.000 635.000 1978.000 641.000 1988.000 635.000 
	}
	rotation={
		0.000 0.000 0.000 0.000 0.000 0.000 0.000 
	}
	height={
		0.000 0.000 1.000 0.000 0.000 0.000 0.000 
	}
}
#Halide Edip Adivar
282={
	position={
		1959.000 680.000 1969.000 674.000 1959.000 680.000 1964.000 685.000 1959.000 680.000 1949.000 686.000 1959.000 680.000 
	}
	rotation={
		0.000 0.000 0.000 0.000 0.000 0.000 0.000 
	}
	height={
		0.000 0.000 1.000 0.000 0.000 0.000 0.000 
	}
}
#Mesrutiyet
283={
	position={
		1998.000 654.000 2003.000 653.000 1998.000 654.000 2003.000 659.000 1998.000 654.000 1997.000 656.000 1998.000 654.000 
	}
	rotation={
		0.000 0.000 0.000 0.000 0.000 0.000 0.000 
	}
	height={
		0.000 0.000 1.000 0.000 0.000 0.000 0.000 
	}
}
#Cumhuriyet
284={
	position={
		1974.000 657.000 1984.000 651.000 1974.000 657.000 1979.000 662.000 1974.000 657.000 1964.000 663.000 1974.000 657.000 
	}
	rotation={
		0.000 0.000 0.000 0.000 0.000 0.000 0.000 
	}
	height={
		0.000 0.000 1.000 0.000 0.000 0.000 0.000 
	}
}
#Black Sea
285={
	position={
		897.000 1930.000 907.000 1924.000 897.000 1930.000 902.000 1935.000 897.000 1930.000 887.000 1936.000 897.000 1930.000 
	}
	rotation={
		0.000 0.000 0.000 0.000 0.000 0.000 0.000 
	}
	height={
		0.000 0.000 1.000 0.000 0.000 0.000 0.000 
	}
}
#Black Sea
286={
	position={
		1308.000 1901.000 1318.000 1895.000 1308.000 1901.000 1313.000 1906.000 1308.000 1901.000 1298.000 1907.000 1308.000 1901.000 
	}
	rotation={
		0.000 0.000 0.000 0.000 0.000 0.000 0.000 
	}
	height={
		0.000 0.000 1.000 0.000 0.000 0.000 0.000 
	}
}
#Black Sea
287={
	position={
		1587.000 1875.000 1597.000 1869.000 1587.000 1875.000 1592.000 1880.000 1587.000 1875.000 1577.000 1881.000 1587.000 1875.000 
	}
	rotation={
		0.000 0.000 0.000 0.000 0.000 0.000 0.000 
	}
	height={
		0.000 0.000 1.000 0.000 0.000 0.000 0.000 
	}
}
#Black Sea
288={
	position={
		1679.000 1538.000 1689.000 1532.000 1679.000 1538.000 1684.000 1543.000 1679.000 1538.000 1669.000 1544.000 1679.000 1538.000 
	}
	rotation={
		0.000 0.000 0.000 0.000 0.000 0.000 0.000 
	}
	height={
		0.000 0.000 1.000 0.000 0.000 0.000 0.000 
	}
}
#Black Sea
289={
	position={
		2205.000 1654.000 2215.000 1648.000 2205.000 1654.000 2210.000 1659.000 2205.000 1654.000 2195.000 1660.000 2205.000 1654.000 
	}
	rotation={
		0.000 0.000 0.000 0.000 0.000 0.000 0.000 
	}
	height={
		0.000 0.000 1.000 0.000 0.000 0.000 0.000 
	}
}
#Black Sea
290={
	position={
		2234.000 1922.000 2244.000 1916.000 2234.000 1922.000 2239.000 1927.000 2234.000 1922.000 2224.000 1928.000 2234.000 1922.000 
	}
	rotation={
		0.000 0.000 0.000 0.000 0.000 0.000 0.000 
	}
	height={
		0.000 0.000 1.000 0.000 0.000 0.000 0.000 
	}
}
#Black Sea
291={
	position={
		2409.000 1326.000 2419.000 1320.000 2409.000 1326.000 2414.000 1331.000 2409.000 1326.000 2399.000 1332.000 2409.000 1326.000 
	}
	rotation={
		0.000 0.000 0.000 0.000 0.000 0.000 0.000 
	}
	height={
		0.000 0.000 1.000 0.000 0.000 0.000 0.000 
	}
}
#Black Sea
292={
	position={
		3032.000 1852.000 3042.000 1846.000 3032.000 1852.000 3037.000 1857.000 3032.000 1852.000 3022.000 1858.000 3032.000 1852.000 
	}
	rotation={
		0.000 0.000 0.000 0.000 0.000 0.000 0.000 
	}
	height={
		0.000 0.000 1.000 0.000 0.000 0.000 0.000 
	}
}
#Black Sea
293={
	position={
		3166.000 1215.000 3176.000 1209.000 3166.000 1215.000 3171.000 1220.000 3166.000 1215.000 3156.000 1221.000 3166.000 1215.000 
	}
	rotation={
		0.000 0.000 0.000 0.000 0.000 0.000 0.000 
	}
	height={
		0.000 0.000 1.000 0.000 0.000 0.000 0.000 
	}
}
#Black Sea
294={
	position={
		3471.000 1454.000 3481.000 1448.000 3471.000 1454.000 3476.000 1459.000 3471.000 1454.000 3461.000 1460.000 3471.000 1454.000 
	}
	rotation={
		0.000 0.000 0.000 0.000 0.000 0.000 0.000 
	}
	height={
		0.000 0.000 1.000 0.000 0.000 0.000 0.000 
	}
}
#Black Sea
295={
	position={
		3718.000 1553.000 3728.000 1547.000 3718.000 1553.000 3723.000 1558.000 3718.000 1553.000 3708.000 1559.000 3718.000 1553.000 
	}
	rotation={
		0.000 0.000 0.000 0.000 0.000 0.000 0.000 
	}
	height={
		0.000 0.000 1.000 0.000 0.000 0.000 0.000 
	}
}
#Black Sea
296={
	position={
		3623.000 1089.000 3633.000 1083.000 3623.000 1089.000 3628.000 1094.000 3623.000 1089.000 3613.000 1095.000 3623.000 1089.000 
	}
	rotation={
		0.000 0.000 0.000 0.000 0.000 0.000 0.000 
	}
	height={
		0.000 0.000 1.000 0.000 0.000 0.000 0.000 
	}
}
#Marmara Sea
297={
	position={
		2178.000 79.000 2188.000 73.000 2178.000 79.000 2183.000 84.000 2178.000 79.000 2168.000 85.000 2178.000 79.000 
	}
	rotation={
		0.000 0.000 0.000 0.000 0.000 0.000 0.000 
	}
	height={
		0.000 0.000 1.000 0.000 0.000 0.000 0.000 
	}
}
#Marmara Sea
298={
	position={
		1864.000 96.000 1874.000 90.000 1864.000 96.000 1869.000 101.000 1864.000 96.000 1854.000 102.000 1864.000 96.000 
	}
	rotation={
		0.000 0.000 0.000 0.000 0.000 0.000 0.000 
	}
	height={
		0.000 0.000 1.000 0.000 0.000 0.000 0.000 
	}
}
#Marmara Sea
299={
	position={
		1539.000 261.000 1549.000 255.000 1539.000 261.000 1544.000 266.000 1539.000 261.000 1529.000 267.000 1539.000 261.000 
	}
	rotation={
		0.000 0.000 0.000 0.000 0.000 0.000 0.000 
	}
	height={
		0.000 0.000 1.000 0.000 0.000 0.000 0.000 
	}
}
#Marmara Sea
300={
	position={
		192.000 130.000 202.000 124.000 192.000 130.000 197.000 135.000 192.000 130.000 182.000 136.000 192.000 130.000 
	}
	rotation={
		0.000 0.000 0.000 0.000 0.000 0.000 0.000 
	}
	height={
		0.000 0.000 1.000 0.000 0.000 0.000 0.000 
	}
}
#Marmara Sea
301={
	position={
		900.000 102.000 910.000 96.000 900.000 102.000 905.000 107.000 900.000 102.000 890.000 108.000 900.000 102.000 
	}
	rotation={
		0.000 0.000 0.000 0.000 0.000 0.000 0.000 
	}
	height={
		0.000 0.000 1.000 0.000 0.000 0.000 0.000 
	}
}
#Marmara Sea
302={
	position={
		591.000 345.000 601.000 339.000 591.000 345.000 596.000 350.000 591.000 345.000 581.000 351.000 591.000 345.000 
	}
	rotation={
		0.000 0.000 0.000 0.000 0.000 0.000 0.000 
	}
	height={
		0.000 0.000 1.000 0.000 0.000 0.000 0.000 
	}
}
#Marmara Sea
303={
	position={
		577.000 95.000 587.000 89.000 577.000 95.000 582.000 100.000 577.000 95.000 567.000 101.000 577.000 95.000 
	}
	rotation={
		0.000 0.000 0.000 0.000 0.000 0.000 0.000 
	}
	height={
		0.000 0.000 1.000 0.000 0.000 0.000 0.000 
	}
}
#Aydinlar
304={
	position={
		330.000 1487.000 340.000 1481.000 330.000 1487.000 335.000 1492.000 330.000 1487.000 320.000 1493.000 330.000 1487.000 
	}
	rotation={
		0.000 0.000 0.000 0.000 0.000 0.000 0.000 
	}
	height={
		0.000 0.000 1.000 0.000 0.000 0.000 0.000 
	}
}
#Karamandere
305={
	position={
		594.000 1483.000 604.000 1477.000 594.000 1483.000 599.000 1488.000 594.000 1483.000 584.000 1489.000 594.000 1483.000 
	}
	rotation={
		0.000 0.000 0.000 0.000 0.000 0.000 0.000 
	}
	height={
		0.000 0.000 1.000 0.000 0.000 0.000 0.000 
	}
}
#Yalikoy
306={
	position={
		606.000 1733.000 616.000 1727.000 606.000 1733.000 611.000 1738.000 606.000 1733.000 596.000 1739.000 606.000 1733.000 
	}
	rotation={
		0.000 0.000 0.000 0.000 0.000 0.000 0.000 
	}
	height={
		0.000 0.000 1.000 0.000 0.000 0.000 0.000 
	}
}
#Ataturk
307={
	position={
		414.000 1777.000 424.000 1771.000 414.000 1777.000 419.000 1782.000 414.000 1777.000 404.000 1783.000 414.000 1777.000 
	}
	rotation={
		0.000 0.000 0.000 0.000 0.000 0.000 0.000 
	}
	height={
		0.000 0.000 1.000 0.000 0.000 0.000 0.000 
	}
}
#Ihsaniye
308={
	position={
		760.000 1279.000 770.000 1273.000 760.000 1279.000 765.000 1284.000 760.000 1279.000 750.000 1285.000 760.000 1279.000 
	}
	rotation={
		0.000 0.000 0.000 0.000 0.000 0.000 0.000 
	}
	height={
		0.000 0.000 1.000 0.000 0.000 0.000 0.000 
	}
}
#Canakca
309={
	position={
		1076.000 1193.000 1086.000 1187.000 1076.000 1193.000 1081.000 1198.000 1076.000 1193.000 1066.000 1199.000 1076.000 1193.000 
	}
	rotation={
		0.000 0.000 0.000 0.000 0.000 0.000 0.000 
	}
	height={
		0.000 0.000 1.000 0.000 0.000 0.000 0.000 
	}
}
#Yalikoy
310={
	position={
		2281.000 952.000 2291.000 946.000 2281.000 952.000 2286.000 957.000 2281.000 952.000 2271.000 958.000 2281.000 952.000 
	}
	rotation={
		0.000 0.000 0.000 0.000 0.000 0.000 0.000 
	}
	height={
		0.000 0.000 1.000 0.000 0.000 0.000 0.000 
	}
}
#Bekirli
311={
	position={
		662.000 1061.000 672.000 1055.000 662.000 1061.000 667.000 1066.000 662.000 1061.000 652.000 1067.000 662.000 1061.000 
	}
	rotation={
		0.000 0.000 0.000 0.000 0.000 0.000 0.000 
	}
	height={
		0.000 0.000 1.000 0.000 0.000 0.000 0.000 
	}
}
#Marmara Sea
312={
	position={
		1227.000 96.000 1237.000 90.000 1227.000 96.000 1232.000 101.000 1227.000 96.000 1217.000 102.000 1227.000 96.000 
	}
	rotation={
		0.000 0.000 0.000 0.000 0.000 0.000 0.000 
	}
	height={
		0.000 0.000 1.000 0.000 0.000 0.000 0.000 
	}
}
#Marmara Sea
313={
	position={
		1542.000 92.000 1552.000 86.000 1542.000 92.000 1547.000 97.000 1542.000 92.000 1532.000 98.000 1542.000 92.000 
	}
	rotation={
		0.000 0.000 0.000 0.000 0.000 0.000 0.000 
	}
	height={
		0.000 0.000 1.000 0.000 0.000 0.000 0.000 
	}
}
#Gazitepe
314={
	position={
		599.000 913.000 609.000 907.000 599.000 913.000 604.000 918.000 599.000 913.000 589.000 919.000 599.000 913.000 
	}
	rotation={
		0.000 0.000 0.000 0.000 0.000 0.000 0.000 
	}
	height={
		0.000 0.000 1.000 0.000 0.000 0.000 0.000 
	}
}
#Büyük Kilicli
315={
	position={
		391.000 995.000 401.000 989.000 391.000 995.000 396.000 1000.000 391.000 995.000 381.000 1001.000 391.000 995.000 
	}
	rotation={
		0.000 0.000 0.000 0.000 0.000 0.000 0.000 
	}
	height={
		0.000 0.000 1.000 0.000 0.000 0.000 0.000 
	}
}
#Mimarsinan Canta
316={
	position={
		148.000 888.000 158.000 882.000 148.000 888.000 153.000 893.000 148.000 888.000 138.000 894.000 148.000 888.000 
	}
	rotation={
		0.000 0.000 0.000 0.000 0.000 0.000 0.000 
	}
	height={
		0.000 0.000 1.000 0.000 0.000 0.000 0.000 
	}
}
#Cayirdere
317={
	position={
		375.000 1301.000 385.000 1295.000 375.000 1301.000 380.000 1306.000 375.000 1301.000 365.000 1307.000 375.000 1301.000 
	}
	rotation={
		0.000 0.000 0.000 0.000 0.000 0.000 0.000 
	}
	height={
		0.000 0.000 1.000 0.000 0.000 0.000 0.000 
	}
}
#Nakkas
318={
	position={
		1184.000 1076.000 1194.000 1070.000 1184.000 1076.000 1189.000 1081.000 1184.000 1076.000 1174.000 1082.000 1184.000 1076.000 
	}
	rotation={
		0.000 0.000 0.000 0.000 0.000 0.000 0.000 
	}
	height={
		0.000 0.000 1.000 0.000 0.000 0.000 0.000 
	}
}
#Sefakoy
319={
	position={
		1621.000 533.000 1626.000 535.000 1621.000 533.000 1626.000 538.000 1621.000 533.000 1616.000 536.000 1621.000 533.000 
	}
	rotation={
		0.000 0.000 0.000 0.000 0.000 0.000 0.000 
	}
	height={
		0.000 0.000 1.000 0.000 0.000 0.000 0.000 
	}
}
#Besyol
320={
	position={
		1603.000 509.000 1610.000 499.000 1603.000 509.000 1608.000 514.000 1603.000 509.000 1603.000 512.000 1603.000 509.000 
	}
	rotation={
		0.000 0.000 0.000 0.000 0.000 0.000 0.000 
	}
	height={
		0.000 0.000 1.000 0.000 0.000 0.000 0.000 
	}
}
#Cennet
321={
	position={
		1583.000 505.000 1592.000 502.000 1583.000 505.000 1588.000 510.000 1583.000 505.000 1583.000 504.000 1583.000 505.000 
	}
	rotation={
		0.000 0.000 0.000 0.000 0.000 0.000 0.000 
	}
	height={
		0.000 0.000 1.000 0.000 0.000 0.000 0.000 
	}
}
#Cumhuriyet
322={
	position={
		1585.000 539.000 1594.000 533.000 1585.000 539.000 1590.000 544.000 1585.000 539.000 1584.000 547.000 1585.000 539.000 
	}
	rotation={
		0.000 0.000 0.000 0.000 0.000 0.000 0.000 
	}
	height={
		0.000 0.000 1.000 0.000 0.000 0.000 0.000 
	}
}
#Mehmet Akif
323={
	position={
		1625.000 663.000 1628.000 652.000 1625.000 663.000 1630.000 668.000 1625.000 663.000 1626.000 663.000 1625.000 663.000 
	}
	rotation={
		0.000 0.000 0.000 0.000 0.000 0.000 0.000 
	}
	height={
		0.000 0.000 1.000 0.000 0.000 0.000 0.000 
	}
}
#Atatürk
324={
	position={
		1607.000 669.000 1615.000 653.000 1607.000 669.000 1612.000 674.000 1607.000 669.000 1612.000 667.000 1607.000 669.000 
	}
	rotation={
		0.000 0.000 0.000 0.000 0.000 0.000 0.000 
	}
	height={
		0.000 0.000 1.000 0.000 0.000 0.000 0.000 
	}
}
#Halkali
325={
	position={
		1607.000 616.000 1626.000 614.000 1607.000 616.000 1612.000 621.000 1607.000 616.000 1600.000 615.000 1607.000 616.000 
	}
	rotation={
		0.000 0.000 0.000 0.000 0.000 0.000 0.000 
	}
	height={
		0.000 0.000 1.000 0.000 0.000 0.000 0.000 
	}
}
#Inonu
326={
	position={
		1620.000 585.000 1623.000 572.000 1620.000 585.000 1625.000 590.000 1620.000 585.000 1618.000 589.000 1620.000 585.000 
	}
	rotation={
		0.000 0.000 0.000 0.000 0.000 0.000 0.000 
	}
	height={
		0.000 0.000 1.000 0.000 0.000 0.000 0.000 
	}
}
#Sogutlucesme
327={
	position={
		1595.000 571.000 1605.000 565.000 1595.000 571.000 1600.000 576.000 1595.000 571.000 1593.000 577.000 1595.000 571.000 
	}
	rotation={
		0.000 0.000 0.000 0.000 0.000 0.000 0.000 
	}
	height={
		0.000 0.000 1.000 0.000 0.000 0.000 0.000 
	}
}
#Fevzi Cakmak
328={
	position={
		1612.000 547.000 1625.000 546.000 1612.000 547.000 1617.000 552.000 1612.000 547.000 1609.000 552.000 1612.000 547.000 
	}
	rotation={
		0.000 0.000 0.000 0.000 0.000 0.000 0.000 
	}
	height={
		0.000 0.000 1.000 0.000 0.000 0.000 0.000 
	}
}
#Halkali Istasyon
329={
	position={
		1569.000 593.000 1579.000 587.000 1569.000 593.000 1574.000 598.000 1569.000 593.000 1563.000 602.000 1569.000 593.000 
	}
	rotation={
		0.000 0.000 0.000 0.000 0.000 0.000 0.000 
	}
	height={
		0.000 0.000 1.000 0.000 0.000 0.000 0.000 
	}
}
#Atakent
330={
	position={
		1560.000 651.000 1570.000 645.000 1560.000 651.000 1565.000 656.000 1560.000 651.000 1563.000 655.000 1560.000 651.000 
	}
	rotation={
		0.000 0.000 0.000 0.000 0.000 0.000 0.000 
	}
	height={
		0.000 0.000 1.000 0.000 0.000 0.000 0.000 
	}
}
#West Atakent
331={
	position={
		1595.000 654.000 1606.000 640.000 1595.000 654.000 1600.000 659.000 1595.000 654.000 1583.000 664.000 1595.000 654.000 
	}
	rotation={
		0.000 0.000 0.000 0.000 0.000 0.000 0.000 
	}
	height={
		0.000 0.000 1.000 0.000 0.000 0.000 0.000 
	}
}
#Gumuspala
332={
	position={
		1502.000 479.000 1512.000 473.000 1502.000 479.000 1521.000 479.000 1502.000 479.000 1492.000 485.000 1502.000 479.000 
	}
	rotation={
		0.000 0.000 0.000 0.000 0.000 0.000 0.000 
	}
	height={
		0.000 0.000 1.000 0.000 0.000 0.000 0.000 
	}
}
#Denizkoskler
333={
	position={
		1478.000 466.000 1488.000 460.000 1478.000 466.000 1480.000 459.000 1478.000 466.000 1468.000 472.000 1478.000 466.000 
	}
	rotation={
		0.000 0.000 0.000 0.000 0.000 0.000 0.000 
	}
	height={
		0.000 0.000 1.000 0.000 0.000 0.000 0.000 
	}
}
#Ambarli
334={
	position={
		1432.000 471.000 1442.000 465.000 1432.000 471.000 1437.000 462.000 1432.000 471.000 1428.000 472.000 1432.000 471.000 
	}
	rotation={
		0.000 0.000 0.000 0.000 0.000 0.000 0.000 
	}
	height={
		0.000 0.000 1.000 0.000 0.000 0.000 0.000 
	}
}
#Cihangir
335={
	position={
		1418.000 505.000 1428.000 499.000 1418.000 505.000 1423.000 510.000 1418.000 505.000 1408.000 511.000 1418.000 505.000 
	}
	rotation={
		0.000 0.000 0.000 0.000 0.000 0.000 0.000 
	}
	height={
		0.000 0.000 1.000 0.000 0.000 0.000 0.000 
	}
}
#Mustafa Kemal Pasa
336={
	position={
		1438.000 533.000 1448.000 527.000 1438.000 533.000 1443.000 538.000 1438.000 533.000 1428.000 539.000 1438.000 533.000 
	}
	rotation={
		0.000 0.000 0.000 0.000 0.000 0.000 0.000 
	}
	height={
		0.000 0.000 1.000 0.000 0.000 0.000 0.000 
	}
}
#Firuzköy
337={
	position={
		1436.000 584.000 1442.000 586.000 1435.000 594.000 1440.000 599.000 1435.000 594.000 1438.000 600.000 1435.000 594.000 
	}
	rotation={
		0.000 0.000 0.000 0.000 0.000 0.000 0.000 
	}
	height={
		0.000 0.000 1.000 0.000 0.000 0.000 0.000 
	}
}
#Yesilkent
338={
	position={
		1431.000 647.000 1441.000 641.000 1431.000 647.000 1436.000 652.000 1431.000 647.000 1421.000 653.000 1431.000 647.000 
	}
	rotation={
		0.000 0.000 0.000 0.000 0.000 0.000 0.000 
	}
	height={
		0.000 0.000 1.000 0.000 0.000 0.000 0.000 
	}
}
#Tahtakale
339={
	position={
		1445.000 712.000 1455.000 706.000 1445.000 712.000 1450.000 717.000 1445.000 712.000 1435.000 718.000 1445.000 712.000 
	}
	rotation={
		0.000 0.000 0.000 0.000 0.000 0.000 0.000 
	}
	height={
		0.000 0.000 1.000 0.000 0.000 0.000 0.000 
	}
}
#Yakuplu
340={
	position={
		1368.000 514.000 1378.000 508.000 1368.000 514.000 1373.000 519.000 1368.000 514.000 1358.000 520.000 1368.000 514.000 
	}
	rotation={
		0.000 0.000 0.000 0.000 0.000 0.000 0.000 
	}
	height={
		0.000 0.000 1.000 0.000 0.000 0.000 0.000 
	}
}
#Yakuplu Sahil
341={
	position={
		1397.000 473.000 1407.000 467.000 1397.000 473.000 1405.000 460.000 1397.000 474.000 1397.000 473.000 1397.000 473.000 
	}
	rotation={
		0.000 0.000 0.000 0.000 0.000 0.000 0.000 
	}
	height={
		0.000 0.000 1.000 0.000 0.000 0.000 0.000 
	}
}
#Marmara Mahallesi
342={
	position={
		1361.000 461.000 1371.000 455.000 1361.000 461.000 1366.000 466.000 1361.000 461.000 1358.000 463.000 1361.000 461.000 
	}
	rotation={
		0.000 0.000 0.000 0.000 0.000 0.000 0.000 
	}
	height={
		0.000 0.000 1.000 0.000 0.000 0.000 0.000 
	}
}
#Sahil Mahallesi
343={
	position={
		1319.000 453.000 1329.000 447.000 1319.000 453.000 1324.000 458.000 1319.000 453.000 1320.000 456.000 1319.000 453.000 
	}
	rotation={
		0.000 0.000 0.000 0.000 0.000 0.000 0.000 
	}
	height={
		0.000 0.000 1.000 0.000 0.000 0.000 0.000 
	}
}
#Dereagzi
344={
	position={
		1270.000 440.000 1275.000 460.000 1265.000 466.000 1269.000 433.000 1265.000 466.000 1255.000 472.000 1265.000 466.000 
	}
	rotation={
		0.000 0.000 0.000 0.000 0.000 0.000 0.000 
	}
	height={
		0.000 0.000 1.000 0.000 0.000 0.000 0.000 
	}
}
#Kavakli
345={
	position={
		1316.000 483.000 1325.000 485.000 1316.000 483.000 1321.000 488.000 1316.000 483.000 1306.000 489.000 1316.000 483.000 
	}
	rotation={
		0.000 0.000 0.000 0.000 0.000 0.000 0.000 
	}
	height={
		0.000 0.000 1.000 0.000 0.000 0.000 0.000 
	}
}
#Gürpinar
346={
	position={
		1234.000 494.000 1244.000 488.000 1234.000 494.000 1224.000 484.000 1234.000 494.000 1235.000 501.000 1234.000 494.000 
	}
	rotation={
		0.000 0.000 0.000 1.571 0.000 0.000 0.000 
	}
	height={
		0.000 0.000 1.000 0.000 0.000 0.000 0.000 
	}
}
#Beykent
347={
	position={
		1288.000 549.000 1296.000 539.000 1288.000 549.000 1293.000 554.000 1288.000 549.000 1286.000 551.000 1288.000 549.000 
	}
	rotation={
		0.000 0.000 0.000 0.000 0.000 0.000 0.000 
	}
	height={
		0.000 0.000 1.000 0.000 0.000 0.000 0.000 
	}
}
#Yesilkent
348={
	position={
		1279.000 517.000 1289.000 511.000 1279.000 517.000 1284.000 522.000 1279.000 517.000 1279.000 523.000 1279.000 517.000 
	}
	rotation={
		0.000 0.000 0.000 0.000 0.000 0.000 0.000 
	}
	height={
		0.000 0.000 1.000 0.000 0.000 0.000 0.000 
	}
}
#Bizimkent
349={
	position={
		1305.000 554.000 1309.000 542.000 1305.000 554.000 1310.000 559.000 1305.000 554.000 1308.000 555.000 1305.000 554.000 
	}
	rotation={
		0.000 0.000 0.000 0.000 0.000 0.000 0.000 
	}
	height={
		0.000 0.000 1.000 0.000 0.000 0.000 0.000 
	}
}
#Büyüksehir
350={
	position={
		1321.000 542.000 1322.000 537.000 1321.000 542.000 1326.000 547.000 1321.000 542.000 1320.000 549.000 1321.000 542.000 
	}
	rotation={
		0.000 0.000 0.000 0.000 0.000 0.000 0.000 
	}
	height={
		0.000 0.000 1.000 0.000 0.000 0.000 0.000 
	}
}
#Megakent
351={
	position={
		1316.000 511.000 1326.000 505.000 1316.000 511.000 1321.000 516.000 1316.000 511.000 1314.000 512.000 1316.000 511.000 
	}
	rotation={
		0.000 0.000 0.000 0.000 0.000 0.000 0.000 
	}
	height={
		0.000 0.000 1.000 0.000 0.000 0.000 0.000 
	}
}
